-0.40291595
-0.8253641
-0.053559303
-0.03988743
0.17385006
0.43390942
1.1843257
1.4740748
1.6804094
1.7205925
1.9890804
-0.08869833
-0.7665987
-0.80560386
-1.0754901
-0.69828033
-0.4494105
-0.34199333
-0.6543174
-0.4101041
-0.5210848
-0.48086894
-0.33984876
-0.5143373
-0.5107454
-0.48857427
-0.52028227
-0.27554965
0.09732318
0.11926949
-1.6493096
-4.008559
-2.365264
-2.014863
0.5543146
-0.3045578
0.7478924
1.161315
-0.05234146
0.43927002
-0.3720646
-0.47290277
-0.6572199
0.09055138
1.2719274
2.2256093
-0.25093365
-2.3069763
2.2077484
-1.6822782
0.584774
0.29644108
-0.03494644
0.25410557
0.24412632
0.3936491
0.37468147
0.24202347
0.2747507
0.55836344
0.5174217
0.4415264
0.5174794
0.3702531
0.1606431
0.22461939
0.10536671
0.11983061
0.8124752
-0.15294409
-1.2059093
-0.99587727
-0.4440694
-1.6610632
1.2456264
-0.36074972
0.26086998
0.11739826
0.30526447
0.2288084
0.20671225
0.29317665
0.16777563
-0.13758564
-0.16552639
0.2130127
0.39123058
0.10253906
-0.096157074
0.28981113
-0.05245781
0.039211273
-0.023017883
0.047994614
0.036871433
0.094297886
0.08259058
0.059638023
0.03282547
0.01529932
0.03398657
0.08166695
6.96E-05
0.059612274
0.061760902
0.03631544
0.02025938
0.054141045
0.009829521
-0.06743574
-0.060539246
-0.048387527
-0.03108406
0.004663944
0.004480362
7.92E-04
-0.090815544
-4.72E-04
0.073158264
0.08356619
-0.008860111
0.049466133
-0.031190872
0.011025906
0.208745
0.10492802
-0.010602474
-0.24506664
0.15276194
-0.4345603
0.019857883
0.12033367
-0.24393511
0.6261902
0.2845974
0.8105359
1.2638707
1.2700062
1.0357575
-0.17133951
-0.68125224
-0.28178477
0.5302987
-0.0766412
0.01008594
-0.3734907
-0.09533739
0.009477854
0.3357045
-0.46771258
0.94026643
-0.91607916
1.1780517
-0.8310282
0.39933822
-0.44499376
-0.47213846
0.26011783
-0.89516824
0.18853614
-0.14559418
0.17855218
0.14494047
-0.11411828
0.55138886
0.36303312
-0.61239463
-0.41287494
-0.5754167
-0.68943715
-0.4049524
0.15589094
-0.13731039
0.07967019
-0.11484122
-0.4133594
0.019221544
0.27993536
0.17857647
0.35962188
0.20847523
0.12174308
-0.071703196
-0.06833339
-0.038976192
0.15554667
-0.120447874
-0.65978837
-0.8894849
0.2380116
0.16449165
0.27697945
0.3764758
0.19173813
0.31646156
-0.07848024
0.1990614
-0.2569666
0.059342384
0.09408808
-0.44041967
0.51048803
-0.14451647
-0.19101954
0.23218012
0.5381522
-0.055351257
0.4294443
0.24618053
-0.1496296
-0.3972764
-0.30775166
-0.027242184
0.27712297
0.2673807
0.26479912
0.3604536
0.3137722
0.11247349
0.040687084
-0.03573656
0.44415236
0.17242622
-0.027581215
-0.20284319
-0.08040953
-0.25418615
-0.17720222
-0.08092594
0.22027302
-0.14160824
0.12883282
0.512002
-0.09065056
0.07422352
0.058883667
0.2768612
0.18544579
0.35330963
0.015623093
0.060896873
0.3502016
0.18270874
-0.07833004
-0.121726036
-0.07894802
-0.3436947
0.02246666
0.21602345
0.047724724
-0.14488506
0.1433239
0.25384235
-0.010120392
0.48945427
0.18674183
-0.052182198
-0.24240875
0.24611378
0.074988365
-0.1860094
4.10E-04
-0.14608288
0.002109528
0.001839638
-0.0358572
0.060819626
0.112257004
-0.029294968
0.048285484
-0.009103775
0.06538963
0.080329895
0.052999496
0.046278954
1.53E-05
-0.058042526
-0.05996132
-0.06882572
-0.033545494
0.014276505
0.008953095
0.025270462
0.015403748
0.027977943
-0.004881859
-0.052628517
-0.11370754
-0.06891823
-0.01832962
0.111974716
-0.08100319
-0.07963276
-0.035863876
0.14684486
0.09342384
-0.08210564
0.1704464
0.17547512
-0.024503708
-0.004865646
0.21206379
0.13354874
-0.12631226
0.0493021
-0.02592659
-0.28067684
0.01816845
0.113720894
-0.17091179
0.019478798
0.18834114
0.05631256
0.0951252
0.3021536
-0.060116768
0.1347475
-0.1069231
0.030287743
-0.06683636
-0.057756424
-0.040841103
-0.067811966
-0.040714264
0.032097816
-0.050735474
-0.027002335
0.029777527
-0.03847885
-0.006420136
-0.06494808
0.068532944
-0.0394516
0.08355045
0.041977882
0.10711002
0.16054153
-0.0840044
-0.03916073
0.0772171
0.007605553
0.025048256
-0.10395622
0.034983635
0.21095657
0.10361481
-0.10880184
0.08753586
-0.015681267
0.25408554
-0.24526405
-0.052714348
0.18807888
-0.1676693
0.048448563
-0.17947578
0.14952374
0.011116982
-0.022055626
0.14579868
0.09101868
-0.02419281
0.07068062
0.11282349
0.009673119
0.037866592
0.080491066
0.07757664
-0.13146973
-0.40368557
0.08625603
0.093566895
0.057044983
-0.06084156
0.088516235
-0.09051323
0.33134365
-0.1021471
0.05651474
-0.21612358
0.1156683
0.12992668
0.013425827
-0.024863243
-0.07937145
-0.024284363
0.09896183
-0.13160706
0.014032364
-0.03508854
0.005475998
0.056266785
-0.017469406
0.041510582
0.022226334
0.030337334
0.03942299
0.065421104
0.013856888
0.007973671
0.055272102
0.10842514
0.20417118
-0.5541086
-0.29131222
-0.059827805
0.81843424
0.21922112
0.25579214
0.05540037
0.048484802
1.79E-04
0.059007645
0.025822163
-0.13779974
-0.057510376
-0.18015194
-0.41021442
-0.35565233
-0.19505835
-0.17934418
-7.37E-04
0.21637487
0.7404361
0.045175552
-0.38870144
-0.5417185
-0.252254
-0.001434326
-0.45354843
-0.117661476
0.07565355
0.083322525
0.029632568
0.058270454
0.08122206
-0.042876244
-0.01728201
-0.18380356
-0.024696827
0.083589554
0.06989241
0.03732395
0.08897781
-0.052373886
-0.13805199
-0.13106251
-0.10413027
-0.018563747
0.07569265
0.123842716
-0.1655736
-0.043584347
0.038218975
0.1521225
0.19888163
0.035931587
0.1941495
0.14021683
0.01142931
-0.06925869
0.14680147
-0.21205235
-0.06310749
-0.027019024
0.061756134
0.06295109
-0.06866169
-0.20318031
-0.3338623
-0.43837547
-0.090987206
0.32036257
0.05069542
-0.51421165
-1.4002714
-0.49580956
-0.3075304
-0.20411968
-0.05872631
0.3060255
0.11687374
0.21909142
0.13394737
0.0210495
-0.06270409
0.28969097
0.088290215
-0.2767496
-0.41583443
0.12955189
-0.03405571
0.16390991
-0.17976093
-0.13960934
0.2440567
0.21193314
0.42780018
0.17020226
0.12278843
0.03421974
0.09555435
0.1800642
0.01025486
0.21048355
-0.012622833
-0.13472366
0.07821274
0.27306557
0.18209362
0.021022797
-0.18279934
0.05128479
0.35250473
0.14726162
0.045799255
0.10153532
-0.1234355
0.17666388
0.051012516
0.10176706
-0.18620205
-0.33910227
-0.11891699
-0.36614418
-0.456769
-0.2609911
-0.08081055
0.24309158
-0.024056435
0.29170418
-0.020295143
-0.15560818
-0.07746506
0.16036034
0.42189217
0.3340273
0.12712002
-0.06847286
-0.20666409
-0.032419205
-0.28219032
-0.072071075
-0.054038048
-0.11902046
0.05199814
-0.039289474
0.14870548
0.02353859
0.05142021
0.22750854
0.06125927
0.2732563
0.27234268
0.3054533
-0.04432583
-0.21345615
-0.13451195
-0.04387951
-0.013747215
0.052031517
0.15602112
0.12408924
-0.04669285
-0.0713501
-0.006879807
0.12048721
0.16370773
0.104081154
-0.018221855
-0.118662834
-0.044711113
0.062005043
-0.044308662
-0.014312744
-0.07205963
-0.023042679
-0.3525877
0.24718857
-0.05125618
0.24164009
0.02720642
0.020887375
0.034280777
0.27429485
0.5165396
0.1942749
-0.018942833
-0.028766155
0.080785275
0.044315338
0.037467003
0.40193558
0.027510643
-0.058606148
-0.19183588
-0.015854836
0.16789055
0.037749767
0.28411245
0.035663128
-0.10864258
-0.20938444
-0.4024124
0.003299713
-0.010834694
-0.013062
-0.11275816
0.12830687
-0.005426407
0.34875822
0.19105148
0.27694798
0.106833935
-0.03972721
0.06129837
0.33411598
0.40648842
0.26688957
-0.040008545
-0.10355568
-0.2505355
-0.18401909
-0.3840499
-0.30723238
-0.21702528
-0.17910814
-0.09084749
0.16517305
0.036943436
-0.21268559
-0.19834661
-0.08779287
-0.2611122
-0.1488471
-0.15966606
-0.015122891
0.07680559
-0.21417665
-0.23991299
-0.4667449
0.09000206
0.040397644
0.056732178
-0.101579666
0.18607903
0.33263636
0.2765193
0.08047485
0.032696247
-0.008683682
-0.030436039
0.005212307
0.025820732
0.002674103
-0.047962666
-0.0511837
-0.10985994
-0.114014626
-0.013086319
-0.16624308
0.08504343
-0.013959408
0.055324554
0.1307931
0.18646145
-0.024852276
-0.21668816
0.11534071
0.037733078
-0.006394386
0.08043718
0.2078948
-0.04558134
-0.094521046
0.12400818
0.037671566
0.12759495
0.18044472
0.27071047
0.12836456
-0.07052946
-0.062371254
-0.11144209
-0.045176506
0.13368416
-0.107013226
-0.12697554
-0.1376419
0.0639205
0.04499197
-0.014131069
0.009588718
0.032721996
-0.017119408
0.024493694
0.037466526
-0.05126524
-0.216187
-0.08113384
-0.00606823
0.030004501
0.036227703
-0.018846512
0.004843712
0.010001659
0.010737896
-0.016616821
-0.008600712
0.018593311
0.017478466
0.032401085
0.007705212
0.015017986
0.010351658
0.025787354
0.028782368
-0.0677824
-0.001085758
-0.08558941
0.014723301
-0.009008408
-0.12614012
0.035782337
0.005906582
0.081468105
0.096632004
0.03055954
0.066841125
-0.027727604
0.045084953
-0.04268551
-0.02361536
0.03448677
-0.008574963
-0.016336918
0.06274891
-0.016938686
-0.019212246
-0.014033794
0.016313076
-4.94E-04
-0.01779604
-6.31E-04
-0.058112144
0.02743578
0.08616686
0.010506153
-0.02830267
-7.21E-04
-0.03167534
0.044740677
-0.005398274
-0.013118744
0.03616476
-0.012959957
0.004935265
0.011351585
-0.014324188
-0.005233288
0.00967598
0.016675472
-0.0279212
-0.014801979
-0.011570931
0.035265923
0.043375492
0.016296864
-0.020632744
-0.011198998
0.010079861
0.005381107
0.02754736
0.025747776
-0.003484726
-0.015254498
0.013259888
-0.00335741
-0.03762579
0.024098873
0.039537907
0.026062965
-0.02287054
-0.011838436
0.021930218
-0.046228886
0.013870716
0.02889061
-0.002458572
-0.019631863
-0.006524086
-0.003842831
-0.005501747
-0.008635044
0.07169199
-0.040144444
-0.06775236
-0.017336369
-0.007323742
0.03192377
-0.036843777
0.014566422
0.027415752
0.019580841
2.51E-04
0.026892662
0.02114439
0.010893345
-0.02821207
-0.009935379
-0.09021425
-0.24449873
-0.22556019
-0.23842621
-0.23258162
-0.1555233
-0.079041004
0.20604849
-0.029485703
0.04914379
-0.11712074
-0.06034851
0.13859034
0.19551659
0.16650248
0.10826683
0.12684965
0.069440365
0.15777826
0.09272528
0.09022617
0.040884018
-2.78E-04
-0.048466682
0
0.007921219
0.055991173
0.03754139
-0.1589508
-0.026456833
-0.11605072
-0.0313015
0.015721321
0.1860466
0.34857845
-0.03875923
0.05633259
0.06263542
0.08796883
0.1328888
0.21273518
0.2386055
0.013839722
-0.09385061
-0.019143105
-0.08346176
0.003270149
-0.26231098
-0.601809
0.38208294
0.04813242
0.0198493
-0.09079409
-0.30604792
-0.19760704
0.43916082
0.0708313
0.42209625
0.31382513
0.08066225
-0.020659924
0.03973961
-0.21678019
0.12097025
-0.08771849
-0.17947006
-0.17700148
0.0092659
-0.24812222
-0.14103031
-0.022107124
0.06327963
0.24640179
0.25742245
0.12535954
0.0590477
0.30063105
0.10858297
0.20857191
0.051329613
-0.38070536
-0.038326263
0.13792658
2.15E-04
0.5973296
-0.08978224
-0.068063736
0.05011797
-0.024793148
0.07548475
0.068645
-0.24446487
-0.3479147
-0.28272772
-0.10000944
-0.27891827
-0.11910057
0.01529789
0.18129826
-0.24571419
-0.06390762
0.011539459
-0.12376022
-0.03178215
-0.08495808
0.049108505
-0.029294014
-0.0336504
-0.061823845
0.022918701
0.34554958
-0.26246357
-0.17860317
-0.4683504
0.011147499
0.42282677
0.35647583
0.16525745
0.11143875
0.09046364
0.06712055
0.054494858
-0.2807951
0.70672035
0.56810856
0.04662037
-0.065823555
-0.1865282
-0.22425842
-0.14300156
-0.1488514
0.04959774
0.03876114
0.10498905
-0.04041958
-0.018764496
0.14257908
0.15267849
0.109755516
0.3271551
0.07251644
-0.08074188
-0.1606741
0.297163
0.01170063
-0.072613716
-0.12378502
0.026845932
0.159482
0.15981102
-0.10130024
-0.17551136
0.13275146
0.29954815
-0.06496906
0.047758102
0.17543888
0.050566673
-0.0864954
0.009077072
0.011387825
0.05140114
0.00472641
0.091965675
-0.07639408
0.023299217
0.26320267
0.13721657
-0.14692974
-0.16828537
0.083016396
0.029379845
-0.10013676
-0.04187584
0.21835041
0.2672577
0.21094227
0.12562466
-0.029743195
0.14815998
0.2031784
-0.075250626
0.0893774
7.77E-04
0.039381027
0.002885819
0.00537014
0.015208244
-0.06349659
-0.11868477
0.082987785
0.1253376
-0.30956268
-0.15220356
0.17313385
0.15909386
-0.002575874
0.13015938
0.1896534
0.014598846
-0.28533745
-0.15207386
-0.037605286
0.5211897
0.13518429
0.16852379
-0.004302979
-0.2439394
0.08565235
-0.08481026
0.20030785
0.04211521
-0.054047585
-0.13620758
-0.13803291
0.011677742
0.09268379
0.050279617
-0.078279495
-0.07445049
-0.06254864
-0.1383419
0.029483795
-0.09802532
-0.08373642
-0.13276005
-0.03862381
-0.24062443
-0.023801804
-0.0608778
0.015670776
0.034461975
0.1886797
0.068284035
-0.001321793
0.053455353
0.039114
0.06906223
0.04633236
0.15619946
-0.001824379
0.30573654
-0.13809967
0.16022396
0.095095634
0.048960686
-0.02203083
0.06429386
0.07530594
-0.02986145
-0.029668808
0.064626694
-0.2998171
0.0672102
0.092440605
0.020457268
0.003964424
0.09804249
0.22959042
-0.09118843
-0.33013535
-0.2853527
0.18189049
0.0367918
0.2631569
-0.021268845
-0.1023922
0.07575989
-0.09242821
0.28336048
-0.03828621
-0.06770325
1.06E-04
0.12090683
0.08480549
-0.006733894
-0.025532722
-0.06248188
-0.060523987
-0.001207352
0.06948185
0.08352184
0.01987648
-0.003947258
-0.021657944
-0.03246212
-0.09220791
0.11010933
0.059358597
0.13569069
-0.03941536
0.04464245
-0.035429
-0.10586548
0.04679203
-0.08045006
0.098796844
0.17822361
-0.058670998
-0.117726326
-0.038526535
0.001929283
0.030938148
0.08796024
-0.033726692
-0.058463097
-0.07244682
0.02845478
0.20415688
0.060219765
-0.06784153
-0.030555725
-0.17721558
0.1884222
0.17752838
0.08335972
-0.012607574
-0.059191704
0.055781364
0.03710556
0.002522469
-0.035302162
0.003436089
0.001724243
0.034366608
-0.006211281
0.019637108
0.034033775
0.013951302
-0.013987541
-0.001301765
0.045861244
0.025119781
-0.036685944
0.18532276
0.03673172
-0.24008656
0.15261078
-0.063448906
0.120467186
-0.2574253
0.07651806
0.006052017
0.15440083
0.13865948
0.04574299
-0.025398254
0.015151978
-0.022366524
0.022284508
-0.10042572
0.12113762
0.14763165
0.016233444
-0.048220634
0.03866291
-0.060375214
0.055833817
-0.050289154
-0.21805763
0.019143105
-0.008513451
-0.03053379
-0.16892529
-0.13378525
-0.17194748
-0.024404526
0.036603928
0.03982258
0.055888176
-0.05820465
0.07057762
0.08594799
-0.07865715
-0.12698269
0.008710861
0.11049938
0.034766197
-0.107048035
-0.04582882
-0.054825783
-8.58E-06
-0.10765934
-0.028541565
0.06952667
0.05512905
0.0569067
0.018755913
0.07435036
-0.07022667
0.021038055
-0.007637978
0.13152409
-0.03597164
-0.040506363
0.33028412
0.06875801
0.19719696
-0.35285568
-0.044981956
-0.08342743
0.023452759
0.27135372
0.0832777
0.19979477
0.0367527
-0.0756073
-0.12568188
0.007506371
-0.12649155
-0.25059986
0.017827034
0.2291584
0.3339901
-0.07313633
-0.035224915
-0.08707428
0.04447651
0.05362034
-0.027168274
8.06E-04
-0.04053402
-0.008797646
-0.07853603
0.03463173
0.002727509
0.030529022
0.039813995
0.014911652
0.029849052
0.034031868
7.68E-04
0.01941681
-0.007267952
-0.006601334
0.039295197
-0.027896881
-0.023562431
0.0173378
0.5120163
-0.21685123
0.117770195
-0.15368462
0.04648018
0.10081673
-0.08130264
-0.06338501
0.098181725
-0.052415848
0.08003235
-0.1949091
-0.099858284
-0.063251495
-0.057250023
0.008422852
0.10577488
0.068143845
-0.00329113
0.038290024
0.011856079
-0.048913002
0.009846687
0.06089306
0.026363373
-0.015685081
0.039016724
-0.036806107
-0.088947296
-0.004149437
0.026240349
-0.08075142
-0.12070465
-0.24036503
0.07101154
0.06799507
0.16343021
0.13232136
0.1630764
0.22221184
0.051735878
-0.33190632
0.11292839
0.23800278
0.12189007
-0.17608452
-0.3221693
-0.15323639
0.25762177
0.24640656
0.37683296
0.20853996
-0.13171196
-0.09042454
-0.121025085
0.21632385
-0.15618992
-0.14177704
-0.32396507
-0.1577053
-0.060400963
-0.048994064
-0.031952858
-0.28589725
0.027380943
0.06752396
0.088199615
-0.055618286
0.1656084
0.30811787
0.13809776
0.064762115
-0.120396614
-0.11680508
-0.072966576
0.13436508
0.08387184
-0.10882568
-0.21099758
-0.3251276
0.17110062
0.14826584
0.26650333
0.32810593
-0.26956654
-0.32209396
-0.03644371
-0.07088566
0.10458374
0.01949501
0.027384758
-0.114453316
-0.49564743
-0.019332886
0.5102272
0.58933926
-0.29902267
-0.4087782
-0.12075806
-0.042621613
0.120388985
-0.049838066
-0.11927986
-0.066410065
-0.46331882
-0.06812668
0.66285133
0.57141876
-0.08128643
-0.5118227
-0.31307507
0.17803288
0.24763107
0.22262764
0.11637592
-0.11150837
-0.11876297
-0.18202496
0.040938377
0.25450134
0.19419956
0.016096115
-0.46359253
-0.24607372
0.20737743
0.06573677
0.12386322
-0.019049644
-0.07929325
-0.06053543
0.10002422
0.32848835
0.06527519
0.18701077
-0.14177513
-0.3319664
-0.21654606
0.002677918
-0.15457249
-0.023192406
-0.017550468
-0.16524124
0.03276825
-0.015478134
0.034585
0.31115055
0.16635418
0.3575487
-0.30562496
-0.14387417
0.05723667
0.040786743
0.2862854
0.14514065
-0.15498066
-0.14146042
-0.08773422
0.08739662
-0.11139679
0.18700314
0.31533432
0.19493389
-0.3615141
-0.19749641
0.054933548
0.21293068
0.032954216
-0.055610657
-0.09767914
-0.20360374
0.017715454
0.30365467
0.5212383
0.034905434
-0.2407341
-0.27483845
-0.15154266
0.11383724
0.13829899
0.018387794
-7.52E-04
-0.27576733
-0.2996359
0.0453043
0.06578636
0.07501984
-0.14433861
-0.37613583
-0.28141403
0.007734299
-0.012991905
-0.18376541
-0.11588383
-0.15144444
0.022827148
0.025623322
0.08400345
0.06463337
-0.038534164
-0.10397816
0.07965183
0.066259384
0.029148102
0.006972313
0.019871712
0.032416344
0.05627346
0.05560398
-0.007648468
-0.035708427
0.035399437
0.10600376
0.079437256
0.018240929
0.12650394
0.06777477
0.1606493
0.104162216
-0.09593296
-0.1581831
-0.07928276
0.037057877
0.22719383
0.3676653
-0.063658714
0.069581985
-0.08392906
-0.17285633
-0.11847973
0.005861282
0.130517
0.07525158
0.004630089
-0.005714417
-0.003279686
0.048959732
0.18244171
0.091386795
-0.017551422
-0.07987499
-0.08960724
-0.035668373
-0.026863098
-0.005827904
-0.00332737
-0.028883934
0.005970955
0.046892166
0.005787849
-0.020789146
-0.02288723
-0.040478706
-0.025443077
-0.007735252
0.005511284
0.009766579
0.03539467
-0.016942024
-0.008519173
-0.001208305
0.00137043
-0.010746002
0.011155129
0.006741524
0.01767826
0.026070595
-0.008919716
-0.014411926
0.001713753
0.032356262
0.001904488
-0.003067017
-0.009871483
-0.02378273
0.001532555
9.39E-04
0.018868446
0.00511837
0.014563561
0.05172348
-0.030921936
-0.03180027
-0.099666595
-0.09783745
-0.015841484
0.0918951
-0.019439697
-0.15181446
-0.002634049
0.012495995
0.16590977
0.02439785
0.092801094
-0.058856964
-0.15110588
-0.15892315
-0.010717392
0.16238308
0.07482624
-0.03005886
-0.041920662
0.00753212
0.07024765
0.09465599
-0.08685303
-0.11657143
-0.08382988
0.15119362
0.08447552
-0.10090637
-0.056397438
-0.029361725
-0.033055305
-0.16661072
-0.13945484
-0.19173717
-0.031826973
-0.09249401
0.19110394
0.08209038
0.11257553
0.24073029
0.17185497
-0.017038345
-0.052737236
-0.04456806
-0.09480858
0.02644825
0.03931427
0.07315254
0.006489754
-0.05213833
0.003202438
-0.043826103
0.0676527
-0.007369041
0.028161049
0.034981728
-0.015839577
0.008452416
0.008986473
-0.024329185
0.008907318
0.001239777
-0.011247635
0.015738487
0.001333237
0.02541256
0.021316528
0.022244453
-0.011321068
-0.01981926
-0.045728683
-0.033551216
-0.01923275
0.015241623
-0.001836777
0.022082329
0.023812294
0.011444092
-0.019749641
-0.009287834
-0.00227356
0.02617836
0.026329994
4.54E-04
0.017432213
-0.044891357
0.009925842
-0.010130882
-0.008512497
-0.001233101
-0.013261795
-0.009458542
-0.022614479
-0.009407997
0.027985573
-0.022271156
0.002936363
-0.010160446
0.00378418
0.032458305
0.017399788
0.0355711
0.010775566
-0.013205528
-0.018240929
0.007294655
-0.03734684
-0.04350376
-0.05550289
0.05687809
0.052653313
0.06563473
0.017484665
-0.016880035
-0.00726223
0.015992165
0.03229618
-8.45E-04
-0.020106316
-0.034594536
-0.025609016
0.040884018
0.030496597
0.23675823
0.09224987
-0.22195911
-0.15874767
-0.25642586
-0.18650532
-0.0832777
0.11265755
0.106095314
0.16861916
0.053180695
0.027926445
-0.029558182
-0.04409504
0.032078743
0.17269802
0.26968098
0.61187077
-0.0680933
-0.26940918
-0.13728237
0.58108616
-0.3602047
-0.9280882
-0.27426052
-0.13744354
0.6265192
-0.36517906
-0.011696816
0.06097126
0.007522583
0.21889877
0.62094784
0.4306593
0.32968235
-0.08096886
0.17823315
0.29634953
0.21790695
0.2435503
0.12737751
-0.23721313
-0.18099785
-0.20982647
-0.1249485
0.2654009
0.41749382
0.71182823
0.53722286
-0.026002407
0.13127756
0.058937073
0.06318951
0.013838768
0.048233032
-0.5649452
-0.37657738
-0.34297943
0.2192049
0.22911644
0.26142406
-0.16909122
-0.23147106
-0.16100407
0.12726021
0.29686928
0.07277584
0.25767803
-0.090950966
-0.02408886
-0.5868931
0.14884377
0.017536163
0.51906395
-0.058463097
-0.5191641
-0.12843132
0.14889908
0.22858906
0.15012074
0.054523468
-0.006640434
-0.30526066
-0.3191967
-0.015663147
0.34963703
0.6237469
-0.048624992
-0.2747736
-0.21553898
-0.15606213
-0.026348114
0.36723137
0.046777725
-0.011963844
-0.13564682
-0.25519657
-0.09895611
0.5575838
0.37134838
-0.09990311
-0.107227325
0.1479435
-0.014958382
0.15379238
-0.024637222
-0.38998318
-0.46623802
-0.42941666
-0.3600216
0.4289503
0.92339706
0.53065014
-0.048316956
-0.086857796
0.17118931
-0.018271446
0.08765125
0.013320923
-0.32800865
-0.56787586
-0.1802454
-0.045295715
0.41721916
0.2093687
0.3440447
0.11241913
-0.109820366
-0.11332989
-0.04501629
0.3538704
0.118932724
0.02056694
-0.5473528
-0.28155518
-0.15320015
0.4592352
0.54718494
0.086416245
-0.13802814
-0.28503323
-0.39775276
0.47629547
0.22498798
0.04464245
-0.19365501
-0.1432085
0.09301853
0.36060524
0.58031464
0.6098852
0.44735146
-0.022185326
-0.09979725
-0.106059074
0.06033039
0.06494045
-0.14195538
-0.16900253
0.001404762
0
-0.045760155
-0.12817383
-0.16348743
-0.43333817
0.104011536
0.44849014
0.03306675
0.009671211
-0.00232029
-0.1432743
0.16793346
0.1586647
-0.036514282
-0.54400635
-0.18858051
-0.22113132
-0.09235096
0.20666027
0.03131485
0.024806976
-0.07798672
-0.011198044
0.008564949
0.06455803
-0.0359869
0.027890205
0.33826065
0.10168648
0.049640656
0.10962772
-0.123251915
0.232975
0.017404556
1.1055079
0.6546078
-0.122241974
-0.40713882
-0.007561684
-0.017813683
-0.0759573
0.081884384
0.13951874
-0.06619072
0.25471878
0.30830097
-0.13038158
-0.32166004
-0.17246628
0.040911674
0.10120487
-0.42236137
-0.2460022
-0.06608963
0.26377106
0.002566338
0.17022228
0.08063316
-0.21708488
-0.04490471
-0.3941641
0.052843094
-0.057988167
-0.28470707
0.20486546
-0.03341961
-0.31824207
-0.387084
-0.5304899
0.20757961
0.58649445
0.3969221
-0.014160156
-0.3212614
0.20845795
-0.15867424
0.09913921
0.17053509
-0.23552227
-0.50513077
-0.41526413
-0.011229515
0.47744465
0.35521603
0.19015598
-0.35937214
-0.18957424
0.029407501
0.34427643
-0.07550907
-0.011057854
-0.14948463
-0.32315922
-0.39602852
-0.052336693
0.30011845
0.36562634
0.038043022
-0.30618477
-0.034508705
0.37252522
0.25529385
-0.19741726
-0.21568394
-0.099188805
-0.13528919
-0.25677776
0.29533005
0.33147717
0.22455215
-0.28232002
-0.26576805
-0.05916691
0.1578064
0.4345932
0.13669872
-0.15981483
-0.083836555
-0.062093735
-0.045292854
-0.1799717
0.25264454
0.39832687
0.15169239
-0.42225075
0.28251648
0.025633812
0.006229401
0.2262373
0.10931969
-0.120661736
-0.33141613
-0.16529751
0.35648155
0.63563347
0.17949963
-0.3062992
-0.18702793
-0.02798462
0.13416767
0.109674454
0.14624023
-0.10794735
-0.3983307
-0.2168045
-0.083099365
0.71470356
0.4577961
-0.3763876
-0.2884798
0.15322399
-0.16866493
0.18738747
0.047700882
-0.17827225
-0.27648354
-0.30987835
0.33303833
0.48219204
0.25111485
-0.116521835
-0.17990208
-0.060958862
0.29798794
0.31902027
-0.27636147
-0.30852604
-0.15154457
-0.45110226
0.818985
0.56026363
0.2981825
-0.040643692
-0.753068
0.027135849
0.6062565
0.39812946
-0.054041862
-0.5633879
-0.20966434
-0.23339558
0.400486
0.65828896
0.08246899
-0.056277275
-0.3310833
-0.040995598
0.28213596
0.19854927
-0.07476616
-0.25844288
-0.19037342
0.14007759
0.32681274
0.13375187
-0.37472248
-0.27740097
-0.012854576
0.29888248
0.31303406
-0.043551445
-0.04900074
-0.32731152
0.10757351
0.27837753
0.385005
0.019014359
-0.34132767
-0.24573612
0.21028519
0.22670364
0.06306267
-0.07670784
-0.42294407
-0.28805447
0.33504105
0.47689056
0.30575466
-0.014045715
-0.3881731
-0.2158804
0.08870125
0.4058218
0.16264534
0.08697319
-0.3044052
0.16460514
0.3250656
0.4385748
-0.062065125
-0.41877937
-0.32438374
-0.076366425
0.10331726
0.13954735
0.2861166
-0.26447582
-0.27017498
0.34386063
0.36057472
0.3941536
-0.24207878
-0.060258865
-0.61515427
0.06909084
0.39700508
0.029291153
-0.22746754
-0.34139442
-0.058321953
0.6230564
0.31585217
-0.49769688
-0.5349865
0.126997
0.27707863
0.27118015
0.28174496
-0.06770611
-0.36447144
0.018896103
0.49620724
0.34437275
-0.19111252
-0.13140297
-0.20244884
0.2915268
0.49395657
-0.1564579
-0.53658676
-0.4732132
0.051927567
0.8962393
0.44167328
0.18778896
-0.6300621
0.10065651
0.08737373
0.16280651
0.2433033
-0.042718887
-0.37387466
-0.20532417
0.4416027
0.47395515
0.2756853
-0.5139427
-0.02232933
0.39928246
-0.22072601
0.13679028
0.33127594
-0.47119427
-0.28142834
-0.07756901
0.35241222
0.54387665
0.12531185
-0.57311916
-0.23307419
0.32101727
0.32549286
0.13838863
-0.36057377
-0.45973587
-0.39826012
0.54742146
0.7259779
0.48470592
-0.45998955
-0.10773754
0.14901257
0.4159603
0.14587593
-0.1834526
-0.41880703
-0.76751137
0.2981882
0.7443743
0.16434002
-0.5226526
0.06588459
0.31835175
0.18653488
0.20242119
0.05645466
-0.41890812
-0.48639965
0.55598354
0.7638588
0.29017162
-0.48998356
-0.51182175
0.23279572
0.15172768
0.011959076
0.19034481
-0.4073782
-0.273324
0.25327015
1.0003433
-0.09711933
-0.37483597
-0.25331974
0.034804344
0.34472466
0.22063637
-0.22269058
-0.39677143
-0.4059801
0.20158768
0.5382376
0.25405502
-0.23874474
-0.13395596
7.51E-04
0.09607601
0.15606594
-0.16309834
-0.38638306
-0.013840675
0.371377
0.62088394
-0.00524044
-0.27627182
-0.51091766
0.2703724
0.5472307
0.37965488
0.1889019
-0.7190447
-0.37132835
-0.20961857
0.11349392
0.055012703
-0.22926521
-0.35408497
-0.07588959
0.031243324
-0.06855965
-0.049186707
-0.038715363
-0.038389206
0.08430004
0.13150024
0.12633133
0.21855164
0.09778023
0.061883926
-0.019381523
-0.01665783
-0.039761543
0.42430115
0.125
0.29770184
0.28431034
0.13494587
0.21464062
0.3102045
-0.25299358
-0.022984505
0.13961315
0.36729717
0.0618124
0.19861221
-0.085850716
-0.28936863
0.011342049
0.16320133
0.0434103
0.014141083
0.04253006
-0.049099922
-0.41811657
-0.23919582
-0.008648872
0.076135635
0.43165016
-0.009819984
0.62926674
-0.21120262
0.10335636
0.014245033
0.1376028
0.10423756
0.18714333
-0.4734316
-0.76932526
-0.5019007
0.3955059
0.58587074
0.124941826
-0.14348984
-0.3146429
-0.09445095
0.4275036
0.08896351
-0.1539402
-0.33027458
-0.47919083
0.024327278
0.105698586
0.72652435
-0.002574921
-0.25975895
0.090408325
-0.3083868
0.1649847
0.25392914
-0.30008984
-1.0996275
-0.32999802
0.5821667
0.91011333
0.28907394
-0.353096
-0.041110992
-0.03126335
-0.11526203
0.09541035
-0.52570343
-0.8079691
-0.11824894
0.31205845
0.8211355
0.052610397
-0.53071404
-0.28750324
0.30188465
0.30059338
0.1203146
-0.42070103
-0.36781788
-0.007119179
0.42249107
0.9778261
-0.11122131
-0.47693443
-0.17569351
0.044516563
0.6934395
-0.19537544
-0.49553013
-0.13193703
0.7556162
0.5377369
-1.2650347
-0.20993996
0.59307384
1.4946051
-1.9824266
-0.12056923
1.6768827
-0.59337044
-1.1754484
0.20073509
1.1177416
-1.652072
-0.08475685
1.0805893
0.03699875
-1.6513758
1.2696838
0.82459164
-0.8318205
0.28804302
1.5980835
-0.98511887
-0.32069397
0.7004986
0.5655699
-1.3149004
-0.25275517
0.5995207
-1.4565344
0.2062931
1.3340969
-0.17791939
-1.3369846
0.8378725
1.3146782
-0.809145
-0.39848042
0.56717396
0.33218765
-1.0113554
1.0711823
1.2347665
-0.34265423
-1.5039587
-0.031858444
1.2253513
-1.2817707
0.62593937
1.4211254
-0.16299629
-0.7073517
-0.40227985
1.5199671
-0.5220823
-0.038431168
1.1799383
-0.047992706
-0.63643646
-0.76956844
0.8919754
-0.5422516
-1.2545452
1.3214684
0.14199543
-0.019382477
-0.48288727
1.2855544
0.6930561
-1.0920601
0.7036824
1.1291761
-1.3565989
-0.21027279
-0.05038929
0.90477085
-1.2978573
0.32837152
1.0984678
-0.47223473
-1.0221806
0.8222151
1.0734673
-1.2421951
-0.20080853
1.0277767
0.16670513
-0.8274145
-0.33047867
-0.14362621
0.037236214
-0.039687157
-0.048838615
-0.39493275
0.17011929
0.22331333
0.20848846
-0.0450058
-0.32170963
-0.12786579
0.15733433
0.29713726
0.12122536
-0.20346451
-0.39589405
0.13890362
0.026855469
0.3208599
0.13745308
0.4472952
-0.1556673
-0.08366871
-0.041974068
0.18220234
0.27717972
0.013978958
-0.11789703
-0.018113136
0.032769203
-0.21004772
-0.015253067
0.4273796
0.08473873
-0.13537502
-0.1514368
0.058102608
0.16877079
0.20454597
0.16648674
0.117770195
0.106321335
-0.21701717
0.14274693
-0.035093307
-0.016508102
-0.045945168
-0.1793356
-0.16565514
0.13175488
-0.13183784
-0.16390705
0.30495834
0.16189003
0.06107807
0.18324852
-0.061494827
-0.20710182
0.13879776
0.2634058
0.30244064
-0.114006996
-0.3039608
0.049473763
0.07213783
0.14537144
0.27963257
0.038562775
0.06711292
-0.13359547
-0.31413937
0.04959488
0.35147953
0.21066475
-0.11568546
-0.2954502
-0.078240395
0.20662498
-0.09616852
-0.146554
0.13488483
-0.16205883
0.048540115
-0.002558708
-0.017246246
0.27431107
0.15612888
0.046079636
-0.11654377
-2.34E-04
0.033877373
0.100730896
-0.006772041
-0.0106287
0.044210434
0.080062866
-0.15247822
0.31000614
0.15195274
0.011803627
-0.08661842
-0.10294151
-0.050512314
0.25741577
0.30677795
-0.25822544
-0.074445724
0.06377983
0.017436981
-0.14687443
0.19476795
0.37198257
0.12220478
-0.10885525
-0.24146366
-0.08793068
0.1936369
0.19115543
-0.15669346
0.045965195
-0.09670162
-0.15501499
-0.12713337
0.1116457
0.5025673
0.10842991
-0.18520927
-0.59123707
-0.030322075
-0.218997
0.28682804
0.055989265
-0.15017796
0.040613174
-0.016536713
-0.05486965
0.114751816
0.47216034
0.334651
0.08959484
-0.11725998
-0.031121254
-0.027985573
0.2185955
0.17770863
-0.04992771
-0.2303257
-0.03748417
-0.14578342
-0.15379238
0.20383263
0.65852547
0.035992622
-0.05617714
0.07963848
-7.55E-04
0.040555
0.18820095
-0.10449219
-0.083771706
-0.23792362
-0.039819717
0.060293198
-0.06936169
0.10908413
-0.2161541
-0.20268917
-0.29385185
-0.09278965
0.1492567
-0.18137932
0.09916687
0.07052517
0.30397987
0.040252686
-0.14077187
0.058332443
0.056840897
0.21195698
0.10345936
0.18591022
0.03856659
-0.045006752
-0.12957764
0.69284916
0.56803703
0.41013622
0.18325424
-0.06782913
0.16654873
0.14685535
0.04692173
-0.06415653
0.05916691
-0.13736725
-0.17644882
-0.089463234
-0.14302158
-0.08773804
-0.16913223
-0.06655884
0.25272655
-0.0549345
-0.3040943
-0.4013691
-0.014400482
0.09858799
-0.1321373
0.07889652
0.07137585
0.16195488
-0.10966873
-0.18002892
-0.0191679
0.034303665
0.12920475
-0.15420341
0.18034649
-0.049105644
-0.09300423
-0.21239376
-0.014164925
-0.041635513
0.03080368
0.23001671
0.13295174
-0.37592888
-0.3382311
0.1218214
0.28837776
0.37781525
0.15302658
-0.29959583
-0.33261013
-0.21293259
0.060564995
0.14893723
0.25933552
-0.10883236
0.012312889
-0.43013573
0.11066437
0.2856617
0.1899128
0.16999531
-0.16935825
-0.12879848
-0.25767517
0.18940735
0.13475227
0.03927231
-0.14871883
0.06523514
0.21347904
-0.16891098
-0.09645271
0.30784893
0.16002274
0.06856918
-0.014540672
-0.07116604
-0.0559721
0.13634872
-0.14503956
-0.05858612
0.47946358
0.39318275
0.09098053
-0.14624119
-0.08775997
-0.12963104
-0.21712208
-0.062037468
0.046780586
0.3221388
-0.106393814
-0.048383713
-0.46629524
-0.030022621
0.5433893
0.4329815
-0.10015106
-0.11935043
-0.26656723
0.31399727
0.11019039
0.17713165
0.021504402
-0.20022869
-0.5415602
-0.02309513
0.043792725
0.60709286
-0.21521568
-0.16181087
-0.13032627
0.2550707
0.6260176
0.4756775
0.14340687
-0.2572918
-0.73878574
-0.08026886
-0.242589
0.003716469
-0.30407047
-0.2996664
0.13628864
0.8399401
0.16466808
-0.4753933
0.59907246
0.48677254
0.48563385
0.16990852
-0.02559948
-0.28967094
-0.21117401
0.54282093
0.8860235
0.5609436
-0.28594398
-0.33010864
-0.17317867
0.09144783
-0.20400715
-0.072377205
-0.07315445
-0.22639751
-0.21505737
-0.035362244
0.051433563
-0.09886646
0.19671726
0.2533598
0.026864052
-0.016914368
0.07918358
0.062469482
-0.52653503
-0.28685093
0.028575897
-0.12712479
-0.35775375
-0.21880245
0.026230812
0.040596962
-0.22257233
-0.20856476
-0.016741753
0.37861443
-0.0768404
0.044558525
0.2466259
0.061989784
-0.1869049
-0.030330658
-0.12833118
-0.19371223
-0.15804577
-0.17326355
-0.34123707
-0.17077827
0.32354832
0.452137
0.115535736
-0.08730698
-0.19479465
-0.080797195
0.02383995
0.27485943
-0.03939724
-0.45747757
-0.46464062
-0.17982388
0.1531725
0.67264557
0.11661625
-0.1600256
-0.21592426
0.11619282
0.02864933
0.14536953
0.014176369
-0.1724472
-0.4424219
-0.35211945
0.1694498
0.5651865
0.49379635
-0.15026093
-0.28392792
-0.1232214
-0.07685375
0.22531128
0.040122032
8.71E-04
-0.20404339
-0.61307144
-0.09771156
0.4155655
0.44816303
-0.20094013
-0.029875755
-0.30924606
-0.004468918
0.12522602
0.19967556
0.097735405
-0.4071865
-0.3769226
0.020795822
0.025746346
0.036634445
0.3246174
-0.38358498
-0.16490936
-0.12984848
0.31602192
0.17787266
-0.09339619
0.15927982
0.28661156
0.52866364
0.0877161
0.09630585
-0.5064602
0.5374851
0.5953417
0.95568275
0.50491524
-0.39867592
-0.5066023
-0.44411469
0.18026638
0.21459103
0.116425514
0.11546898
-0.20566177
-0.24709034
-0.112029076
0.051633835
-0.06312466
-0.1199255
-0.33636093
-0.56827545
-0.37496662
-0.025976181
-0.013795853
-0.14425945
-0.18650246
-0.10493946
0.016374588
-0.21603584
0.2200346
0.11841583
0.09979534
0.015083313
-0.11875343
-0.07096958
-0.03180027
-0.043916702
-0.028418541
-0.010708809
0.09275627
0.1777296
-0.11440945
-0.2947998
-0.18033695
0.07277012
0.021867752
0.0691576
0.007865906
0.018210411
-0.012701988
0.037571907
-0.086854935
-0.15558243
-0.009049416
0.34841824
0.3071165
0.030715942
-0.06474686
-0.12498093
-0.18876362
-0.1693945
0.19679546
0.21998024
0.27857876
-0.24491501
0.006844521
-0.06579113
-0.14517117
0.07872772
0.1843338
-0.09713173
0.06281185
0.021874428
-0.15248299
-0.26571178
-0.10532665
0.2661333
0.32353783
-0.27776718
-0.49475288
-0.0649271
0.2166729
0.14800453
-0.08134079
0.054668427
0.055994987
-0.14992237
-0.3150692
-0.16433144
0.49582863
0.38393974
-0.06691742
-0.16098785
-0.06081009
0.12196827
-0.47794914
-0.18034649
0.40802002
0.105620384
-0.027298927
-0.2327776
0.044140816
0.16649151
0.050606728
0.19088268
0.05904579
0.07692528
0.113640785
0.050001144
0.09712601
0.13353348
-0.13241196
-0.07061386
-0.14993286
-0.07334709
0.10771179
0.33520603
0.32741642
0.12934208
-0.035614967
-0.01709938
0.14296722
0.10743141
0.020178795
0.15682983
-0.41371536
-0.9997692
2.6272392
0.5797701
-0.2842455
-1.2276144
0.9804783
-0.41515923
0.19210243
-0.08110714
-1.5000095
-0.5088558
0.7986202
0.22147846
-0.8990593
2.0209112
-0.778738
-1.2032948
0.9003267
0.857254
-0.94733715
-0.061615944
-0.4209938
-1.5454149
1.2084551
1.4310875
-0.8733511
0.29885578
1.5688238
-1.335496
-0.18341541
0.29083252
0.00403595
-1.0510416
1.8106604
0.31247616
-0.33866024
-0.4923792
0.1882782
0.13202572
-0.14256668
-0.06973934
0.04640007
-0.22687721
0.034765244
0.1253748
0.32695293
0.06609726
-0.10199642
-0.04227352
0.17363739
0.12626934
-0.16965961
-0.055991173
0.13505363
0.33065033
0.39180374
0.19608307
0.03584385
0.13122845
-0.14726353
0.03814602
0.13151646
0.18928623
0.71499157
0.5317898
0.22427654
0.05938053
0.074222565
-0.18395329
-0.4450922
-0.14540577
0.167346
0.20323181
0.004253388
-0.009667397
0.03951168
3.41E-04
-0.3535347
-0.4601593
-0.30651283
-0.3400936
-0.04324341
0.55781174
0.36288738
-0.21560097
-0.23926353
-0.10547829
-0.0554657
0.004396439
-0.08637047
0.09517288
0.41548824
-0.031440735
-0.42253304
-0.20303535
-0.13771152
0.14577675
0.27788544
0.48560047
0.015034676
-0.2578087
-0.22793007
-0.15102005
0.14671516
0.261405
0.12004757
-0.12250805
-0.08516979
-0.38034248
-0.30234146
-0.20310688
-0.03810978
0.16427898
0.34250164
0.26532173
0.023405075
0.013049126
-0.027878761
-0.039834023
-0.11549091
-0.079790115
-0.0957489
-0.15312004
0.025883675
-0.032435417
-0.05985737
-0.059947014
0.07701111
0.06166458
-0.054504395
-0.003814697
0.20197678
0.06171322
0.09673309
0.11000919
0.08050537
-0.080937386
-0.05417061
-0.10372734
-0.18805695
-0.13045216
-0.007440567
0.04515934
0.06589699
0.01226902
-0.050084114
0.00253582
0.032809258
0.003079414
-0.053792953
0.005850792
0.06992912
0.14058018
0.017843246
-0.008658409
-0.002194405
0.08209801
0.1721096
0.04936886
-0.08409119
-0.005517006
0.012970924
-0.119026184
-0.04684925
-0.08832455
0.06467438
-0.09721851
-0.07626629
-0.1495161
-0.066165924
-0.15560818
0.073311806
0.082128525
0.043837547
0.03402996
0.10890865
-0.007615089
0.08673668
-0.01889038
-0.003633499
-0.02177906
0.12908936
0.10922146
0.120988846
0.19785976
0.11505222
0.004734039
-0.062069893
0.01794815
-0.016886711
-0.05893898
-0.009863853
-0.03997135
-0.03360367
-0.024781227
-0.044315338
0.026163101
0.06129074
0.08391476
0.04515171
0.013652802
-0.050105095
-0.02033329
-0.028623581
-0.028651237
0.05393219
0.10151386
0.08807373
-0.06945515
-0.116895676
-0.09352207
-0.013578415
-0.019849777
-0.028087616
0.01631546
0.024669647
0.004658699
0.010930061
0.037652016
0.19487286
-0.020531654
-0.14019775
-0.10029316
-0.16956902
-0.11522484
0.07749748
0.018539429
-0.11258888
-0.33163643
-0.31079483
-0.027769089
-0.20497131
-0.063165665
0.11530018
-0.078593254
0.092702866
0.06513119
0.2058506
0.08928108
0.11720276
-0.09036541
0.07136822
0.12971878
0.20607567
0.012900353
0.06652641
0.11763382
0.16959333
-0.12454176
-0.49173975
-0.23674679
-0.04668522
0.10032272
0.061369896
-0.068777084
-0.08521938
-0.10855961
-0.016200066
0.025748253
-0.2349329
0.14846992
0.32968235
-0.21994686
-0.24984741
-0.3545637
-0.117198944
-0.03131199
-0.08473015
-0.003795624
-0.09531212
0.10313606
0.25117397
0.283494
0.29314518
0.24564743
0.13671303
-0.059140205
-0.12588692
-0.07619667
0.21374989
-0.043566704
0.04471016
-0.01980877
0.17719173
0.12288761
-0.20127773
0.047302246
-0.36791992
0.11497593
0.112384796
0.16615868
0.024682045
0.18862057
0.19384575
0.003791809
-0.1167202
-0.09700394
-0.085609436
-0.018185616
0.105176926
0.061118126
0.11327267
0.2495327
-0.31099892
-0.23429489
-0.16240406
-0.3013239
-0.088256836
-0.07316303
0.19112587
0.07803249
0.07036781
-0.07419586
0.07490349
-0.14412594
0.072496414
0.1282196
0.2817011
0.08375263
0.09201431
0.07827091
0.34772635
0.18953085
0.2410245
0.052628994
-0.29149723
-0.35759783
-0.20518827
0.14260292
0.2194705
0.07143688
-0.09289122
0.01977396
0.06879759
0.21761799
0.26352596
0.32726908
-0.20532227
-0.77426577
-0.06308031
-0.06292057
-0.43056488
-0.10601139
0.08767319
-0.2400999
-0.25222015
-0.19944096
0.14321709
-0.018658638
-6.79E-04
0.9990349
-0.19503498
-0.26330566
0.017501831
0.7521677
-2.8136826
3.0662012
-1.3149748
0.7106867
0.250535
0.3181286
-0.19668198
-0.7450018
0.5637746
-0.09201813
0.47158623
0.50679064
-0.15944004
0.50568247
-1.7326183
0.83501434
-0.56806374
-0.6530652
2.51409
1.237642
-0.11493325
0.009833336
0.047045708
-0.13292027
-0.0473516
0.3964126
-0.70699096
1.1330719
1.6201395
1.4154193
0.321738
-0.33976066
0.12575328
-0.34919357
0.63511086
0.7086482
0.26482606
1.2400088
-0.56135535
0.6738205
1.2906523
1.0658746
0.58422446
-1.1286559
-1.8278521
-5.429929
0.59342027
0.5256448
0.5809212
0.4510579
0.5097065
0.9997034
0.4889984
2.015256
2.150875
2.2129462
1.0736394
0.37168503
-0.10401058
0.13882351
1.6077504
1.0822573
0.38564515
-0.5284314
-0.27045584
-0.97634363
-1.5378666
-0.48752213
-1.4225492
-1.1214399
-0.19646835
0.27831078
0.21679878
0.30311584
0.567255
0.47166348
0.29807758
0.26866913
0.13611317
0.08224583
-0.8578615
1.24821
1.2828789
0.15684128
-0.035668373
0.3131981
0.269763
0.40162277
0.16697979
0.47515392
0.15987873
-0.06862736
1.2706175
-0.61929035
-0.83255863
-0.4704466
-0.07210064
-0.75963116
2.7890844
-0.08118439
-2.3302803
1.8420715
0.58525085
0.40918732
0.06792545
-1.2827702
0.9564972
-0.8520508
-0.59881973
0.05305767
0.17200947
-0.021668434
0.15457344
0.5802851
0.062971115
0.14880943
-0.19520187
0.38384056
-0.34420395
-0.3453226
-0.58835983
-0.46597195
-0.80721855
-0.5456495
0.7812996
0.091217995
0.43119717
0.21235657
-0.035351753
-0.001529694
0.3326578
0.26044464
-0.23093987
-0.35050488
-0.08290768
0.18929577
0.0871954
-0.117720604
0.22373104
-0.1342659
-0.20126247
-0.053673744
0.058202744
-0.011997223
-0.26574326
-0.13958645
0.10587978
-0.5813751
-0.4007826
1.1228876
-0.3109579
0.24450684
-0.030817986
0.20595741
0.095103264
-0.17671108
0.37922287
0.14103222
1.9735298
-0.41907644
-0.5307598
1.1486447
0.58223814
0.4554928
0.021584328
-0.07285631
0.13712978
-1.4034541
-2.392936
-0.036992073
0.24876642
-1.3507164
-0.17917514
0.52625334
1.8438922
-0.15395391
-0.7319958
-0.7149842
-1.0849395
-0.94751453
-0.06267309
-0.13467455
-0.4360304
-0.38215733
-0.39264154
-1.1123657
-0.32278347
-0.5050678
-0.92063665
-0.2888918
-1.7806826
-0.04690361
-0.37332153
-0.11396122
0.6501293
-0.31801128
0.25955486
0.17442131
0.27961445
0.06193161
0.7638321
0.4055977
1.4155622
1.463829
-2.8416862
0.23734331
0.9672313
0.12307358
0.8632264
0.9702959
0.9426203
0.54642534
0.47768903
1.2747772
0.5064416
0.38059202
0.115934156
-0.8226169
-1.219776
-1.8232028
-1.2355039
-0.40554476
-0.6051822
0.30289888
-0.36744404
-0.078380585
0.39436388
-0.11045742
0.29393578
1.0599432
0.56270075
2.1885338
0.32567453
1.0210285
-0.5815991
-0.2132963
-1.1373706
-0.8186548
-1.0735614
0.29448152
-0.27142143
0.18950391
0.3247819
-0.25469923
-0.51057863
-0.5008755
-0.6887522
0.12968588
-0.51602507
-0.45869446
-0.2781763
0.24383068
-0.27852058
0.20369244
0.097073555
0.19738865
-0.44951248
0.18883038
0.5776005
0.5042362
-0.32453728
-0.121603966
0.09484291
0.27175426
-0.031941414
0.26851845
-0.053313255
0.02607727
0.40286732
0.33003712
0.19220829
-0.035007477
0.06845379
-0.13463879
-0.08871269
-0.16073322
0.2950735
-0.08431053
-0.15506649
0.17999363
0.26488686
0.23492241
0.17088223
0.2898035
0.31174278
-0.68715286
0.33873558
0.09286404
0.08847809
0.035115242
-0.16365528
0.7168102
0.06843281
0.14578342
-0.007078171
-0.010027885
0.14217663
0.021333694
0.032567978
0.07179546
0.053359985
0.03365898
0.030823708
0.047364235
-0.06167221
0.19657803
0.1478529
0.0687561
0.10639095
0.15780258
-0.27229595
0.048666954
0.07786083
-0.010736465
-0.053186417
-0.15276814
-0.081542015
0.2686386
0.44312572
0.49273872
0.23197842
0.056282997
0.18881178
0.15479946
-0.11885357
-0.1094532
-0.24740458
-0.14272308
0.11945486
0.21363592
0.24712181
0.058761597
0.015557766
-0.10913324
-0.116556644
0.006679535
-0.14647245
0.05698538
-0.007527828
-0.045225143
0.2144947
-0.082642555
0.18142319
-0.2891841
0.19755173
0.32179546
-0.3983817
-0.32393026
-0.1966958
-0.71694183
-0.26678753
-0.20832396
-0.06902838
-0.1809063
-0.091434956
-0.14997768
0.510077
-0.119274616
-0.022778988
0.14006758
0.007363319
0.40029
-0.011205673
-0.077402115
-0.037032604
-0.07710695
-0.21304846
-0.35812378
-0.40941572
-0.4331479
-0.56908417
-0.53921795
0
-0.036008358
0.07806015
-0.034517765
-0.103553295
0.11125374
-0.18494797
-0.35816288
-0.08237457
-0.15227652
-0.3964882
-0.071554184
0.19825363
-0.15669155
0.034612656
0.15174866
-0.001252174
0.17647934
0.00965929
0.19683218
0.084941864
0.14615488
0.11462402
-0.013651848
-0.31770992
-0.12590504
-0.10550213
-0.06366825
-0.13869572
-0.20696926
-0.27027225
-0.13290787
0.06871128
0.16140461
0.0572567
-0.13120937
-0.03868103
0.10359478
0.021065712
-0.04924202
0.048243523
0.025522232
0.03537464
0.026659012
0.112288475
0.1347332
0.099612236
-0.022957802
0.036938667
0.017150879
0.07579327
0.028989792
0.14117718
0.09220314
0.02878952
0.16213036
0.12081623
0.062669754
0.99588776
0.033537865
0.6516123
0.1198225
-0.33147907
-0.2575369
0.17702436
-0.2011733
0.20466757
0.31335163
-0.23333931
-0.2834115
0.03393364
0.17832232
0.35881567
0.04004383
-0.13400173
-0.10790539
-0.14230013
-0.6348758
-0.016706944
-0.92454815
-0.7316036
-0.69716644
-0.71877384
0.054275513
0.116947174
0.22842598
-0.005771637
-0.12525368
-0.17980099
-0.22037792
-0.040333748
0.43804646
0.18519115
0.1481514
0.12627506
-0.046632767
-0.035360336
0.002991676
-0.030926704
0.007107735
-0.037485123
-0.1636467
-0.12049484
-0.031760216
0.18408489
0.29945183
0.12979317
0.28741455
0.09028816
0.045923233
0.0145998
-0.057346344
0.11552715
0.022081375
0.04008293
0.022831917
-0.14180374
-0.2517662
0.12452221
0.08259487
-0.1355915
0.10753441
0.1470499
-0.04266739
0.018654823
-0.026818275
0.12400818
-0.011507988
0.018669128
-0.21418762
-0.014135361
0.06833935
-0.03196335
0.1417818
-0.035794258
0.1294918
-0.014567375
-0.023008347
0.008224487
0.004117966
-0.013882637
0.05434513
0.006717682
-0.13725758
0.10359478
0.022175789
0.049266815
-0.072262764
-0.19678307
0.011992455
0.101875305
-0.19718742
-0.035147667
-0.17458439
-0.07288265
0.13633251
0.18204021
0.07588005
-0.17616463
0.11235809
-0.002584457
0.05665493
0.043522835
0.8425827
-0.483881
-0.31600857
-0.1049242
0.10866737
0.007084847
-0.0903101
-0.22437477
-0.16160393
0.045838356
-0.04939747
0.15102291
0.22038746
0.22537708
-0.04179859
-0.022010803
5.61E-04
0.20661545
0.140172
0.11343002
-0.19466496
-0.0791235
0.095173836
0.31915092
0.50328636
0.012206078
-0.42033577
-0.1904974
0.41738605
0.48078346
0.2530346
-0.17302799
-0.20279598
0.73149395
0.12881374
0.5771103
1.0326767
-0.7231903
-0.15602636
-0.8578305
0.13370657
-0.3250003
-0.27438927
-0.2971115
-0.4297924
-0.054963112
-0.1342678
-0.028604507
-0.14799118
-0.07806301
-0.08568764
-0.14405727
-0.016890526
-0.46132565
0.10376072
0.080862045
0.10015869
0.12457752
-0.17301273
-0.75579834
-0.1644392
0.2608986
0.07052326
0.009754181
0.3328867
0.1638279
0.109246254
0.031928062
-0.12673473
0.05669403
0.06457043
-0.21334839
-0.002857208
0.091771126
-0.041945457
0.110300064
-0.35280514
0.32266808
-0.00789547
0.37633514
0.3936243
0.10428715
0.08372545
-0.16327953
0.26879454
-0.05145836
-0.505219
-0.24436474
-0.08111286
-0.15318966
-0.032634735
-0.27758026
-0.20780659
-0.31138515
-0.27238655
-0.07169056
-0.022884369
-0.24582481
0.006059647
0.1740675
0.13918972
0.112612724
0.061058044
0.11911011
0.23519135
0.1156044
0.17641449
0.1842165
-0.07665825
-0.006352425
-0.04609108
-0.008828163
-0.10503578
-0.010010719
-0.07365894
0.023030281
0.018446922
-0.043165207
-0.11217213
0.009984016
-0.108410835
0.06371784
0.11601639
0.058501244
0.065218925
-0.024126053
0.03520298
-0.007077217
0.05641651
0.038924217
0.08232403
0.12518406
0.17836094
0.08139992
0.25341415
-0.07441139
-0.27768898
-0.017658234
-0.07825661
0.009540558
-0.0538435
0.056933403
0.12711239
0.04283905
-0.01744175
0.15017033
-0.07532215
-0.06375694
-0.013033867
0.02977848
-0.443511
-0.08757019
0.06924629
0.099967
0.07373428
-0.006186009
-0.06995392
-0.17432737
0.046642303
0.15595293
0.09114981
0.45795298
0.2930498
0.16969967
-0.06524086
0.13742018
-0.07172251
-0.04719162
0.23188877
-0.26861143
-0.09616947
-0.10411501
-0.21074867
-0.44675446
0.050211906
-0.4317441
-0.29087353
-0.708776
-0.76334476
-0.9328399
-0.42793608
-0.16653633
-0.7109947
-0.24036789
-0.1007576
0.36954403
0.25971794
0.3039751
0.20689678
0.23316002
-0.030158043
-0.09687519
0.003254414
0.2122531
0.12011337
-0.175704
-0.2345295
-0.14698887
-0.16653061
0.04393196
0.20188141
0.18550205
0.007698059
0.03126335
-0.21525383
0.14589119
0.12299824
-0.019062042
0.058817863
-0.007335663
-0.13228416
-0.061699867
-0.3670435
-0.12822437
0.1444273
-0.13068295
0.088088036
0.2916212
0.34227562
0.20767307
0.30494595
0.29197407
0.2783146
0.06254768
-0.07380295
0.082351685
0.1977539
0.20742702
-0.10121536
-0.098651886
-0.32378483
-0.19463062
-0.17144012
-0.1294384
-0.09493828
0.29553032
0.41874504
0.18579102
0.13738346
0.07919216
-0.04002571
0.005412102
-0.26642513
-0.14491177
-0.10534859
-0.20367146
0.09055138
-0.05899906
-0.14067936
-0.15324688
-0.1261692
0.08771515
0.15236282
-0.021702766
-0.11812496
0.11811733
0.372077
-0.15221214
-0.2169466
-0.19079494
0.12997341
0.32663918
0.045409203
0.06132126
0.09815025
0.122587204
-0.15426731
-0.20134258
-0.12942982
0.064024925
0.024889946
0.056791306
0.04905224
0.03470707
-0.09753132
-0.28884888
0.015070915
0.15865135
0.07724857
0.15167522
-0.0224123
-0.14524555
-0.24271679
0.09985638
0.030464172
-0.047698975
0.08955765
-0.19317245
-0.4635477
-0.3341341
0.15590096
0.076916695
0.16955566
0.17174721
-0.00565052
-0.06791401
-0.08031082
-0.1289568
0.16160011
0.06516743
-0.113921165
-0.34673214
-0.16232967
-0.15201187
0.16016483
-0.23378944
-0.06799126
-0.07626152
-0.07994938
-0.019640923
0.06737995
0.008418083
-0.03335762
-0.029088974
-0.012158394
-0.013325691
-0.013996124
0.10112476
0.0147295
-0.09537125
0.024461746
0.16875267
0.06761551
-0.107274055
-0.066755295
-0.055225372
-0.028438568
-0.14933205
-0.23955727
-0.010228157
-0.056287766
0.2661705
0.077498436
-0.08933163
-0.11392784
-0.028288841
0.01296711
-0.18416119
-0.20655918
-0.36080456
-0.22009659
-0.14911652
-0.14558983
-0.08134842
-0.10086918
0.04524517
0.011444092
-0.044225693
-0.06405449
0.039774895
0.09627724
-0.030783653
-0.13848877
-0.083322525
-0.19418144
-0.22357368
0.054148674
-0.06192875
-0.09226322
0.03630638
-0.1609106
0.11069679
0.21710396
0.22761536
0.119945526
0.18296623
0.38619232
-0.08182526
-0.34291172
-0.3604641
-0.31384182
-0.103806496
-0.027989388
-0.073391914
0.1284914
0.15379333
0.09357548
-0.13622475
-0.012906075
0.1421938
0.002248764
0.14826965
0.16679001
0.13034058
0.040151596
-0.17235088
-0.06587696
-0.37852383
-0.27999115
-0.1627779
-0.053152084
0.07197285
0.23670197
0.13465881
-0.026128769
0.06302166
0.062208176
0.049910545
-0.035855293
-0.25094986
0.10868645
0.11548424
0.01646328
-0.08772755
-0.14396954
-0.24337006
-0.1850586
0.045521736
0.050828934
0.1317215
0.13268948
0.10516739
0.16637707
0.14788246
-0.09274006
-0.10251808
-0.11088753
-0.052232742
-0.064416885
-0.079073906
-0.19893837
-0.087926865
-0.06464863
-0.13794327
0.12000847
0.1307621
-0.030809402
0.10527611
-0.001807213
-0.015591621
0.07184219
-0.08589649
-0.17348003
-0.08196449
0.044008255
-0.062114716
-0.068665504
-0.21847534
-0.1683445
-0.20782375
-0.07643223
-0.20508575
0.042116165
0.03759098
-0.002668381
-0.01217556
0.07274151
-0.005875588
-8.96E-05
-0.04400158
-4.39E-05
0.00106144
0.0370636
0.09280205
0.05838871
-0.007273674
-0.058081627
-0.129385
0.018241882
-0.008163452
0.060074806
-0.014788628
-0.07342148
-0.10847759
-0.07962322
-0.06064892
0.043395996
0.077631
0.060103416
0.08132267
0.006174088
0.005669594
0.07553005
0.038402557
0.02972126
0.018158913
0.026174545
-0.06418896
-0.04968834
-0.016386986
0.00481987
-0.013101578
-0.016569138
-0.10005188
-0.24776554
-0.24211979
-0.3412342
-0.031647682
0.0856514
-0.44169426
0.0963335
0.3327446
0.29049397
-0.001587868
-0.063485146
-0.1557684
0.013361931
-0.5067339
0.40946388
-0.38201618
-0.10600376
-0.008839607
0.05482483
0.44503403
0.23871899
0.27969742
0.30369377
0.076916695
-0.20168877
0.59656143
-0.37464428
-0.33158588
-0.47350597
-0.7192812
-0.2996931
-0.40766144
-0.022863388
0.04889965
-0.026234627
0.19904327
0.17064953
-0.05124569
0.40441227
-0.3660202
-0.04136753
-0.2821331
0.23456383
-0.06171131
0.030960083
0.5208912
0.20901012
1.3359842
0.09414196
1.1581182
-3.169712
2.4858751
-0.6363859
1.5171041
-0.8412657
0.07641792
0.043147087
-0.17263794
-0.17359161
-0.11350536
0.29686737
-2.569337
1.701498
0.11252594
-0.7460079
0.6455183
0.6835189
1.7402825
2.71139
-0.11866331
1.859156
0.8382606
1.529855
2.3842826
-0.4323709
-1.1734724
-0.027158976
-0.8522552
-1.1841855
-0.8926501
-0.7213752
0.2078749
-0.39998662
-0.097827435
0.45699215
0.07871437
-1.8591268
-5.0064
-0.74644685
0.050981045
-0.4284582
0.10869694
0.9596665
1.6290338
1.9256577
0.34638596
-0.38104653
-0.67047906
-0.48149586
-0.5476012
-0.917465
-0.9030895
-1.4612086
1.6531007
1.2069986
0.071559906
-1.5631399
-1.7484336
-0.80407524
-0.22757626
-0.9258461
-1.0643349
1.068387
0.17860413
-0.4097662
0.5553789
0.26451397
-0.021476746
0.29586506
0.24698162
0.040325165
0.13136768
0.29312134
-0.6299429
0.6747837
-0.23411274
0.28456783
0.84603024
0.6149311
4.2206306
3.5454962
0.29890585
-0.59516954
-2.0541403
-1.3214881
-1.6274754
-1.1446755
-1.959923
-0.37209082
-0.8219371
-1.2752943
0.4006672
0.29597235
1.0136132
1.423451
1.0778412
1.4011996
-0.003769472
-0.34886402
0.004005432
1.0901744
0.31320047
0.43443823
-0.28338003
0.2315929
-0.8991443
-2.2684698
-1.5446067
-1.8048594
0.029420376
0.3188808
0.4887085
-0.37758183
-1.1194267
-2.0975046
-3.5685196
-1.66078
-0.89246464
7.611952
0.40030384
-0.32151604
0.31805992
-0.3550501
-0.20111561
-0.21079636
0.29361725
1.3999081
-0.9277754
-0.17719269
-2.1199694
1.6237116
0.27738667
-0.22849464
0.48143673
0.084959984
-0.0816803
-0.25684357
0.9952774
-0.7155533
0.62336063
0.35417986
0.44949865
0.22238874
-0.11199379
-0.27034283
-1.1415863
-0.50314045
-0.29934168
0.29834604
-1.7245026
-0.30187464
-1.2276258
-0.64277077
-0.5651717
0.12318325
-0.7637634
-0.3690691
-0.35263348
-0.16056824
-0.5814142
-0.14308262
-0.36772156
-1.8931637
-0.31598568
2.2543507
0.58034706
0.052945137
0.08006573
0.23756981
-0.08920193
0.19919014
0.24561691
0.18214989
0.013339043
8.30E-04
0.015190125
0.013895035
0.04529667
-0.016140938
0.049515724
0.15441513
0.0596447
-0.030579567
0.22897339
0.15583897
-0.06566048
-0.13760185
-0.08544445
0.14996624
0.01586628
0.27808285
0.040211678
-0.091955185
-0.06078148
0.015626907
0.11457443
-0.002067566
0.16640568
-0.027101517
0.02762413
0.010848999
0.18231869
-0.13439655
-0.0359087
0.13731384
-0.22724819
0.024590492
0.08590031
-0.016532898
-0.095487595
0.1848669
-0.04699993
-0.08437157
0.08092499
0.09597111
-0.081973076
-0.16995049
0.046769142
-0.115571976
0.1733818
0.10887337
0.20898342
-0.01597023
-0.34203815
0.04446602
0.25243473
0.47189903
0.2622156
0.15280342
-0.42924786
0.41316795
0.2969141
0.48662996
-0.03889227
-0.2834444
-0.4549837
-0.25970745
-0.20234299
-0.2818861
0.28950596
-0.004831314
-0.066599846
0.23833942
0.4300089
0.33959675
0.15356064
0.17203856
-0.12218809
0.051430702
0.20484829
0.25933504
-0.062892914