-0.19347322
0.452958
1.8048365
-1.1748122
-0.88525295
0.7192507
0.80801964
1.3704791
3.2283835
0.24162006
-1.4717407
-1.8510938
-0.15137815
-0.2197814
-0.6992645
-0.687171
-0.5853133
0.32062626
-0.060908318
-0.057486534
0.005088806
0.13769436
0.38291836
0.6226673
0.5340495
0.31974173
0.8231144
0.09958744
-2.4148912
0.74135876
1.704957
-0.7858834
-2.659771
-2.278429
-2.296992
-1.2971323
1.2217929
-1.0296719
0.13807869
0.07855892
1.3066792
1.2668056
2.5616515
4.110285
2.9917028
-2.2945373
-2.8726485
-0.40837756
-1.5057601
-0.3273703
-0.6425158
0.08187604
-0.3666339
0.72775936
0.09363675
-0.08751583
0.017850399
-0.1596371
0.057985783
-0.11628008
-0.16730809
-0.15070057
0.25271416
0.82781696
1.4810482
2.791613
1.448839
2.9689054
0.28451586
-0.43503714
-1.8034859
-1.677908
-2.4632828
-0.63037324
-1.3109227
-0.6017157
-0.8855193
0.39755
0.1511246
-0.003846765
-0.56163776
0.009016395
-0.22532725
-0.042122006
0.2394607
-0.6558764
-0.307958
0.05275011
0.3533852
-0.42410803
0.20545983
-0.19884801
2.54E-04
-0.003165722
0.03746748
0.16301799
0.042220354
0.12770665
-0.053730726
-0.2044295
-0.16598415
-0.05137694
-0.087382436
-0.08234203
-0.042733908
0.07434869
0.028168201
0.03810525
0.026921034
-0.18252921
-0.19854474
-0.09324932
-0.09871018
-0.08818436
-0.060562015
-0.046595335
0.14287877
-0.26414752
0.008166313
0.21143031
0.21317124
-0.0351851
-0.14912033
0.14206874
-0.122639775
-0.13111496
-0.35755134
0.3050835
0.05693245
-0.009992123
-0.13569808
-0.15033889
0.27839255
-0.7218206
-0.49282026
-0.038238525
-0.6214521
0.6355095
1.3174801
-0.26817274
-1.553632
-0.05374813
-1.4852653
-0.051410675
-0.100409985
-0.1360395
0.29455662
0.6102004
0.20652819
0.15035582
0.8190484
-2.3447282
-1.3252814
1.0494652
2.619197
-0.4504621
-0.9632969
-0.2827654
-0.9581218
-1.532095
0.97555876
-1.1665678
-0.26756907
-1.0657768
-0.5352268
-0.5482111
-0.14912987
-0.64207745
-0.7719598
0.41626024
-0.2962327
0.5377636
-0.33875275
0.09922218
-0.27910852
-0.29347897
0.10771561
0.22274637
0.5543113
-0.17525196
0.10264969
-0.11899662
0.047185898
-0.104619026
0.08702898
0.14132738
0.016319275
0.5346465
0.088368416
-0.93535185
0.21718454
-0.2630124
0.15840721
-0.35409975
0.27817583
-0.071958065
0.26508427
0.2967806
0.096559525
-0.19276333
-0.22394848
-0.15814495
-0.1994052
-0.09477329
0.26512575
-0.2205596
-0.053707838
-0.29213572
-0.37015772
-0.1765666
-0.08253384
-0.003283978
0.00592804
-0.12004137
0.017374516
-0.3693428
-0.13123989
-0.23348045
0.09933281
-0.19792128
-0.012108326
-0.14472008
-0.17543554
0.005728722
-0.21153688
0.3978014
0.6563437
0.7647891
0.5540453
0.2009927
0.09729129
-0.18960094
-0.84886664
-0.3981173
0.14201695
0.31076515
-0.18024486
-0.70821136
-0.7169376
-0.47412235
-0.32011634
-0.9324362
-0.5509747
0.48736978
0.02198708
-0.053838134
0.63082635
-0.1744386
-0.39869976
-0.5351739
-0.17364317
0.33181053
0.02266487
0.561924
-1.0280021
-0.8573499
-0.31781662
-0.32361948
-0.046369553
-0.023952484
-0.37733674
0.109261036
0.107688904
-0.121028304
-0.20614803
0.007509589
-0.07283771
0.028563857
0.08355355
0.03452885
-0.06269288
-0.120930195
-0.1071111
-0.096594214
-0.10767233
-0.037755728
0.004947782
0.054389596
0.053211093
0.03498113
-0.018617868
-0.044815183
-0.025276303
-0.036572814
-0.044472575
-0.007940054
-0.013306141
0.073210955
0.08707309
-0.034748077
0.042886496
0.16128278
0.3233177
0.15110904
0.023043782
0.55431926
0.41071942
-0.72728795
-0.21753609
0.38847873
0.1445624
0.11691952
-0.6561971
-0.08920014
-0.41191915
-0.5787186
-0.055155605
-0.50795376
-0.67610264
0.25641233
0.028115213
0.31100374
-0.04986569
0.06990886
-0.37568203
-0.08272588
-0.23145688
-0.031225085
-0.20218906
-0.0548864
-0.15769118
-0.2660737
-0.14365941
-0.18959343
-0.06657255
-0.14450419
-0.20266819
-0.30415285
-0.36854506
-0.127725
0.02378118
-0.23996043
0.070445776
-0.13539696
-0.28994966
0.032808542
-0.22874856
0.14232016
0.18031287
-0.14127827
0.30578613
-0.14404476
-0.120675445
0.18766451
-0.34431243
-0.02042079
0.07721233
-0.11618185
0.04637742
-0.27391005
0.12937164
-0.12464833
-0.0890367
-0.1619358
0.05249977
0.22390747
0.038981915
-0.11127806
-0.3017323
-0.06531024
-0.14340639
-0.047012568
-0.031861544
-0.10103083
-0.11233735
-0.36731339
-0.16640568
0.104736805
0.16730618
1.02527
-0.80431736
-0.15025353
-0.18723536
0.053411484
-0.13348079
0.58524954
0.1313523
0.17094469
0.28915328
0.27184883
0.6839992
-0.42817196
-0.048123796
-0.051180977
-0.38448653
-0.57930297
-0.6089736
-0.4720397
0.05223
-0.058827043
-0.035637558
-0.0768953
-0.029162765
-0.030329168
-0.07438266
-0.045350492
-0.05023974
-0.108746946
-0.03887272
-0.10503757
-0.1688143
0.7196022
0.7813227
0.03278748
0.51815236
1.120499
-0.47035408
0.4074154
0.046486855
0.3142345
-0.45906305
-0.18538475
0.003918886
-0.09035039
-0.18970656
-0.15929174
-0.24363804
-0.30728006
-0.41816854
-0.08895373
0.31594324
0.02550149
0.20199299
-1.0099018
0.36738658
-0.30526114
-0.3020773
0.035914898
0.004242659
0.05413413
-0.4140911
-0.19339204
0.27509546
0.22742271
-0.1392622
-0.19573236
-0.20904613
-0.27419043
-0.17649245
-0.20902562
-0.2915585
0.009026289
0.05993986
-0.010353088
-0.28328848
-0.050973415
0.2461474
-0.2014308
-0.15048146
0.053193092
0.04704547
0.037984848
-0.14919376
0.062121868
0.03788376
-0.15361047
0.19351983
0.1230793
-0.02276373
-0.17547655
-0.07405758
-0.08220911
-0.14241695
0.1699748
0.14943123
-0.3416772
-0.19146824
-0.17871523
-0.24998713
-0.64360857
-0.53975296
0.12808895
0.12857103
0.2730999
-1.7194726
-0.21118236
-0.6619785
-1.486752
-0.6158192
-0.20295757
0.002276789
0.12442699
-0.09663803
0.08917191
0.42980164
0.92990786
0.8147248
0.013166666
-0.401325
0.2610296
0.71881783
-0.22983599
-1.1283495
0.40884507
0.1770159
-0.21536255
-0.37400794
-0.40295982
0.102715015
-0.28665406
-0.034491897
-0.066899896
0.047739446
0.11422223
0.22272587
-0.05978906
0.23777902
0.034003735
-0.35277486
-0.46473742
-0.5854186
-0.7168024
-1.2435008
-0.72466266
0.70794165
0.13871354
-0.5675545
-0.4842409
-1.2074208
-0.54170704
-0.06450033
-0.019934654
0.44683313
0.37921047
0.6693988
0.87977314
0.55022335
0.23629904
0.88729286
0.102547646
-0.16076922
-0.036593914
0.4684658
0.24240983
0.45534903
-0.03832686
-0.13023418
-0.117907226
-0.27897
-0.6020886
-0.50412047
0.43852615
0.10224092
0.29281235
-0.049527466
-0.27057344
0.22690183
-0.003078431
-0.029594898
0.05377072
-0.18732515
-0.09434691
-0.1507277
-0.20141996
-0.35549018
-0.27441394
0.15594408
0.01117029
-0.32326388
-0.046436843
-0.31413066
-0.060572382
-0.03726125
-0.028794505
-0.20403865
0.04899463
5.13E-04
-0.14471084
-0.16929606
-0.1275726
0.059398055
-0.28450942
-0.5111845
0.24788624
-0.032422185
-0.17410553
-0.06713468
-0.17354149
-0.33990592
0.008788645
-0.27639422
0.07783255
-0.31909773
-0.3081071
-0.25683668
0.13061495
-0.19671932
-0.3535161
-0.39817756
-0.16046834
0.2939376
0.12670541
-0.39873236
0.045181304
0.060197026
0.38569337
-0.3412245
-0.48284706
-0.3508564
-0.2898099
-0.2502094
-0.047127873
0.01886426
-0.0791084
0.15223128
-0.18338269
-0.10226101
0.208413
0.29393387
0.091059685
-0.08674598
0.083219886
-0.14680552
-0.38069463
0.031268716
0.06406057
-0.3530562
0.00135994
-0.67156196
-0.65873003
-0.4847108
-0.08013284
-0.09316099
0.46392536
-0.057185054
-0.19367266
0.011482954
-0.25702536
-0.21468472
-0.46635926
-0.31704974
-0.24666786
-0.08905774
-0.19258845
-0.24740887
-0.18224359
-0.46418405
-0.110842645
0.54432434
-0.14725691
-0.22705007
-0.16071808
-0.14174742
-0.022500336
-0.21847057
-0.26704365
-0.08521688
-8.68E-04
-0.03973353
-0.23888296
-0.17703265
-0.08215374
-0.20038277
-0.46995777
0.24661925
0.116393685
0.085009456
0.00756067
0.08701587
0.045570493
0.4280771
-0.018565178
-0.039951086
0.24351263
0.010118485
-0.52662474
-0.63637096
0.49580377
-0.30638653
-0.6340489
-0.6780609
-0.39659357
-0.19076931
-0.21318293
-0.17132425
-0.2418912
-0.07056332
-0.0678522
0.09259164
0.43360233
-0.0767988
0.041243315
0.011692643
0.04260096
-0.005892217
-0.1695348
-0.11316347
-0.128905
-0.16701621
-0.115181446
-0.0842576
-0.076957405
-0.03544444
-0.17186028
-0.034823596
-0.05837667
-0.05241543
-0.06421667
-0.13613755
-0.1356005
0.04125303
0.06267923
0.017705917
0.036999762
0.03496343
0.021541178
-0.0718745
-0.0543651
-0.029194891
-0.015203536
0.037210226
-0.005414069
-0.03950137
-3.50E-04
0.03520888
0.05798316
-0.07089466
-0.0351938
0.02304548
0.001292825
-0.003869176
0.033358157
0.032122552
-0.020610273
-0.17141807
-0.13549232
-0.12436432
-0.08297849
-0.038857102
0.02205956
-0.00282377
-0.10327548
-0.04375738
0.037354052
0.054406226
0.024209678
-0.042180955
-2.04E-04
0.030533075
0.004598796
-0.08345199
-0.1003325
0.001005113
0.007481158
0.011116922
0.08339971
0.11362404
0.09912658
-0.013630152
0.04264134
0.078487575
0.003470123
0.052945077
-0.041795075
-0.058205545
-0.006634295
0.05508071
-0.012721241
-0.040637136
-0.043707848
-0.029001534
0.018687546
-1.70E-04
-0.047755063
-0.008328259
-0.017649412
0.01519537
0.009121537
-0.036539853
0.032607853
-0.043870628
-0.007099152
-0.022424996
-0.030405045
-0.02376759
-0.008954763
0.008931696
-0.006917059
-0.034615576
-0.008292556
0.013283193
0.025201559
-0.014209509
-0.035001755
-0.053626537
1.85E-04
-0.007803559
-0.004386067
0.003593326
0.029254675
-0.034453988
-0.012769818
-0.029829144
-0.03454089
-0.030756116
0.03070283
0.07039654
0.008776426
-0.022886157
-0.059958458
-0.013578057
-0.052982092
-0.043192506
-0.006069899
0.008285999
0.03810978
0.005916238
-0.035892904
-0.037679076
-0.013031006
-0.030842185
-0.037083864
0.23321939
0.26770014
-0.042937994
-0.17432421
0.020615458
0.117130786
-0.029483497
-0.17906713
-0.3347782
-0.23130977
-0.054724216
-0.7709336
-0.31338727
0.048659682
-0.11608708
0.047662497
0.12228298
0.11285961
0.01451087
-0.11244047
-0.11229718
-0.1168344
0
-0.03825426
0.07975912
0.06842148
-0.17820668
-0.09090471
-0.17198014
0.08224058
-0.05919552
-0.23169112
-0.34220433
0.0174222
0.11402035
-0.2127738
0.05264139
-0.027309895
-0.043465376
-0.06234169
0.16011763
0.14769936
0.067964315
0.2822106
-0.06346798
0.11223245
-0.9350085
0.21923661
0.15437555
0.21244311
0.10464549
-0.08900738
-0.11945987
-0.2682042
-0.21040726
-0.3014903
-0.21094418
0.050988913
0.027859688
-0.18559766
0.030362368
-0.0925467
0.07418656
0.052719593
0.20923305
0.081796885
-0.10089636
-0.28643703
-0.32015872
-0.37823796
-0.29390073
-0.17186546
-0.19590378
-0.16535425
-0.08350372
0.037539482
0.17555523
0.0837903
-0.030727386
-0.16864204
-0.19588423
0.019586086
0.087594986
-0.28452873
0.0663414
0.056114674
0.111830235
0.11381388
0.16751194
0.17856026
0.036132336
0.47777224
0.27167988
0.7592771
0.6178992
-0.008989573
-0.1525675
1.3900948
-0.10219038
-0.2706364
-0.6295587
-0.25779298
-0.3474989
-0.70574707
0.6406134
-0.78789777
-0.22433442
0.55214375
1.0095643
-2.1616886
-0.88416576
0.52926135
-0.22096866
-0.12884933
-0.30631918
-0.097602606
-0.06332219
-0.14701217
-0.23941076
-0.29409468
-0.66928065
0.08582568
-0.35318792
-0.27957892
0.17447686
-0.08059442
0.18714082
0.21230686
0.2930298
0.26934028
0.40873247
0.44822592
0.5320645
0.43252984
-0.11399537
-0.47199553
-0.33733237
-0.3869372
-0.3507234
-0.20440829
0.36039448
0.30681574
-0.08873153
-0.21435893
-0.029721022
-0.08350408
-0.22158015
-0.35495734
-0.23097038
-0.039638758
-0.10991883
-0.067809224
-0.016253352
-0.234465
-0.5842979
-0.2864232
0.012634516
0.11847365
0.034733534
0.06022346
0.04418212
-0.12367058
-0.106565654
0.37219876
0.43770632
0.20733714
0.3932538
0.26034328
-0.2772395
-0.20430776
0.33131206
0.036443174
0.11345112
0.62781584
-0.14947683
-0.888356
-0.6898641
-0.5413847
-0.505684
-0.057278156
0.15551955
0.37297538
0.44166613
0.41266346
-0.32476032
-0.6187604
-0.16261068
-0.17931578
-0.023994483
0.8321814
0.21755269
-1.0044556
-0.83931607
-0.45332426
-0.35036808
0.16063365
0.5381946
0.22026119
0.098231554
-0.40683982
-0.35919496
-0.9461788
0.45269328
0.21347928
-0.28953654
-1.0740288
-0.19082761
0.16789305
0.09413242
0.35710853
0.26548052
0.047351647
-0.67147535
-0.28849667
-0.30687875
-0.047893196
-0.08445577
-0.2511019
-0.5309971
-0.53601176
-0.70107067
-0.35485148
-0.3216703
-0.22777951
0.112651825
-0.15639865
0.002061486
-0.08079445
-0.012388945
-0.06952071
-0.16143155
-0.06967175
-0.23627925
-0.2942791
-0.28342772
-0.26859426
-0.09747589
-0.21366918
-0.27570343
-0.36409616
-0.2876612
-0.18114936
-0.10593951
0.045262218
-0.0651952
0.11777562
0.30038035
0.15966752
0.03989917
-0.31643975
0.02714929
0.015029818
-0.08044502
-4.55E-04
-0.07780382
-0.18623221
-0.21155652
0.10585774
0.018684365
-0.36928636
-0.46283185
-0.3375781
-0.6707903
-0.34638512
-0.117471516
-0.19116047
-0.30324715
-0.50965536
-0.11368129
-0.12865183
0.007816434
-0.1689938
-0.1494908
-0.07988551
-0.08549425
-0.040766776
0.033833593
0.035684615
-0.085493416
-0.08478832
-0.016710937
-0.052363962
0.064588875
0.086728394
0.09415826
-0.3393144
0.11593762
-0.24958372
-0.11808854
-0.03225237
0.12656677
0.081198126
-0.18239453
0.04632169
0.083649874
-0.2796381
-0.3328848
0.1166389
0.1507737
0.041675538
-0.035402834
-0.13377875
0.03241241
-0.04647568
-0.08185843
-0.024264395
-0.19123721
-0.2466903
0.088124216
-0.019676924
6.79E-04
-0.39452094
-0.18174106
-0.1599288
-0.12911421
-0.045398593
-0.09391445
-0.05456686
-0.042936683
3.63E-04
-0.01706934
-0.011141598
0.007797718
-0.008578658
-0.012417853
-0.050309032
-0.010973096
0.019764066
-0.043384552
-0.06498286
0.011335582
0.038729638
-0.45500308
-0.14452201
-0.14113387
0.43174443
-0.066810876
-0.5761672
-0.1251196
0.43641022
0.2865485
-0.11408152
-0.09584575
-0.09830894
0.15779059
-0.16449113
-0.16935344
0.22933112
0.0702716
-0.29122663
-0.23897009
-0.16096774
-0.13600093
-0.29322448
-0.09212172
0.024674118
0.17080435
0.06672281
-0.28742272
-0.19593638
0.018344522
0.22671342
0.021374285
0.06606507
0.008601874
-0.0794076
-0.033550948
-0.1661995
0.001338214
-0.069505334
-0.19111079
0.010495633
0.07261774
0.08958152
0.013800263
-0.18003651
-0.18581027
-0.093494356
0.17342621
0.1763269
0.06556538
0.16523856
0.041273177
-0.0814994
-0.14150918
0.09997523
-0.1842741
-0.0720177
-0.14588436
0.057202756
0.07746002
0.23283166
0.13530591
-0.2878151
-0.4437694
0.21217924
-0.026695728
-0.3972581
-0.007126451
-0.09295815
-0.5038621
0.17364341
-0.8781952
-0.5372404
-0.59943223
-0.29343706
-0.26371735
-0.20625567
-0.059952185
-0.18210456
0.17743556
-0.19647293
0.06640735
-0.41540235
-0.12851319
-0.1847192
-0.13721147
-0.1282102
-0.13037077
-0.016300127
-0.10142115
0.024101585
-0.031024784
-0.16693836
-0.047923625
-0.132266
-0.12459123
-0.060465336
0.027184874
0.022381067
-0.022696495
-0.07148513
-0.052402183
-0.076077536
-0.024058819
0.02008985
-0.03242272
0.1432855
0.04544869
-0.04308656
0.17414042
-0.36645827
-0.134677
-0.07887715
-0.41238612
-0.27645114
-0.017359734
0.014536768
0.06872606
-0.004461825
0.29417068
0.13011122
0.09789562
0.13867146
-0.035395205
0.024430394
-0.098207
-0.20650852
-0.16065228
-0.21580571
-0.45526302
-0.20434359
-0.06772402
-0.14545828
-0.12670901
0.006577969
-0.01643461
-0.17120057
-0.042969763
-0.26677656
-0.023958921
0.048547924
0.27288014
0.30459988
0.48362064
0.82661295
0.19777155
0.4986241
0.94945955
0.31994605
-0.03902483
-0.3058766
-0.34455138
-0.551389
0.09757733
-0.5118561
-0.19635814
0.114479244
0.22975612
0.64133656
0.46351135
0.04808271
-0.40760154
-0.025100827
0.07034397
-0.24928093
-0.27190292
-0.31074536
-0.04916036
0.51321673
0.48901153
0.26149988
0.10930562
0.21684098
0.34392548
0.2103281
-0.342183
-0.4773202
-0.6420692
-0.40292612
-0.2055043
-0.27320123
0.121322334
0.54181063
0.56160736
0.15916967
-0.26069248
-0.43418288
-0.20928383
0.47038138
-0.4122224
-0.7781328
-0.34151125
-0.24465051
0.13623258
0.073767215
0.9770446
0.6263046
-0.14759195
-0.43465686
-0.21875525
-0.70691144
0.1294787
0.26177967
-0.23494136
-0.45303023
-0.42711085
-0.22536296
-0.13160652
0.6977396
0.065603495
-0.07052231
-0.803193
-0.3901645
0.019973278
0.27385283
-0.6449888
-0.96053785
-0.2703644
0.009291768
0.2696566
0.6378794
0.5169358
-0.25227332
-0.5861758
-0.2549079
-0.16955984
0.1351211
-0.15965128
-0.9630785
-0.5254041
-0.5364493
0.23688966
0.59332323
0.48736656
0.14585793
-0.62046766
-0.65538484
-0.6760874
0.4308892
0.37137663
-0.07785857
-0.82849455
-0.834054
-0.3673144
0.2146318
-0.012865365
0.3483457
0.33768794
-0.010309875
-0.34111726
0.2400999
0.036305666
0.54241836
-0.0203197
-0.30902028
-0.7008158
-0.7327704
-0.19461808
0.041919112
0.21281126
0.19955385
-0.10351676
-0.32377517
-0.5472528
0.2592849
0.102849305
0.1711173
0.04820472
-0.5049393
-0.4871874
-0.25417647
-0.08033696
0.7101204
0.71714437
0.10819745
-0.41568542
-0.33303416
0.095692635
-0.2580881
-0.02818966
-0.2530797
-0.36885142
-0.42495292
-0.4755079
-0.001001656
0.23136461
0.26787996
0.14142066
-0.7040052
-0.36973608
0.18097538
-0.057848394
-0.34120327
-0.7605827
-0.726175
-0.5240682
-0.13779002
5.58E-04
-0.051736653
0.004333437
-0.07651812
0.057387173
-0.13204253
-0.16582811
-0.03621745
-0.122583926
-0.18420684
-0.26689962
-0.3096862
-0.2379862
-0.13430546
-0.16973975
-0.20521356
-0.26928744
-0.18160707
0.23091084
-0.039702654
-0.12985343
-0.19910091
-0.15376842
-0.18876183
-0.28764528
-0.14914918
-0.078929245
0.10542232
0.10149455
0.14128172
0.26957202
0.33004332
0.028051734
0.015407085
-0.1364612
0.05463034
-0.11868507
0.09892452
0.2325939
-0.06985128
-0.387421
-0.45403177
-0.578721
-0.26828814
-0.23368537
-0.31411737
-0.33810964
-0.35572785
-0.25926656
-0.109275036
-0.16910483
-0.14063603
-0.10536417
-0.07928096
-0.04378768
-0.012024045
-0.056103818
-0.03216263
-0.008899085
-6.75E-04
0.042543635
0.0473468
0.027099282
0.011042088
0.002213478
-0.036246687
-0.060921818
-0.052914828
-0.044370145
-0.002730995
0.011082202
-0.005113334
-0.016414225
-0.01128754
-0.023675352
-0.01884064
0.0194422
-0.041010737
-0.0399898
0.001988143
-0.004433632
0.007548809
0.011716723
-0.010888338
-0.051214486
-0.03378442
-0.021280378
-0.024075657
0.054995954
0.03221035
0.003863543
0.12109923
0.13043368
0.073138565
0.08116093
0.31287372
0.35280597
0.06749052
0.060949147
-0.057083607
-0.113888085
-0.13297689
-0.05704558
-0.024439096
0.00478518
-0.03666693
-0.20887834
-0.17682385
-0.13318318
-0.092974156
-0.10838553
-0.14645651
-0.12566768
0.006954745
0.78701484
-0.034519076
0.23607141
-0.20519412
0.07805532
-0.07429379
-0.17623705
-0.16272426
0.030852795
-0.4508299
-0.14109841
0.04404843
0.20104253
-0.26161557
-0.118279636
-0.06319669
0.004988134
-0.17788896
-0.063694686
-0.12186509
-0.28590846
-0.08783114
-0.0780982
-0.04653296
-0.08665503
-0.04385799
-8.99E-04
-0.07984732
-0.03767903
-0.07667063
0.094431445
-0.031120561
-0.050831303
-0.0010296
-0.002887097
-0.005788661
0.036369678
-0.013310833
-0.026226077
-0.001181491
-0.02873469
-0.023751328
-0.024816884
-0.004674967
0.008600749
-0.007305037
0.005175147
0.016007144
-0.015807215
0.007429157
-0.017235078
-0.00868893
-0.017777234
-0.014467429
-0.022973191
-0.004600745
-0.014397079
-0.009962939
-0.030068357
0.026905876
0.024690475
-0.076265596
-0.016170844
-0.033266827
-0.024197683
-9.38E-04
0.028199024
0.027708732
0.010721304
0.016723454
0.012287134
-0.06378351
0.008662522
-0.005789302
-0.020549849
-0.042477988
-0.014366373
0.029064253
-0.012105241
-0.07235061
-0.046291843
-0.02583763
-0.044238687
0.08406584
0.050183
0.034834012
-0.10546189
-0.075386465
-0.044294305
-0.0129719
-0.0322309
-0.02522602
-0.009452082
-0.01682695
0.028699048
0.00995665
-0.029825874
-0.01399333
0.037659213
0.19266021
-0.029056787
-0.85821396
-0.3752973
-0.7616964
-0.087551475
0.016830444
-0.09983462
-0.031735122
-0.09627396
0.006755412
-0.11937511
-0.099749565
-0.18804431
-0.038150072
-0.20832992
-0.44513142
-0.5563586
-1.0255835
0.11824298
0.2158997
0.0644238
-0.35864973
-0.1744399
1.0904703
0.9708235
0.06155038
-0.80743647
-0.051692247
0.42723274
0.46457052
0.70317495
0.75347185
0.5097232
0.41828787
-0.1834625
0.26440287
-0.15260983
-0.43741465
-0.07420552
0.28194964
0.8413893
0.8769661
0.28357813
-0.4564479
-0.49877778
-0.06243792
0.6582528
-0.712487
-0.788803
-0.7623265
-0.60530245
-0.19055617
-0.20263618
0.41719306
0.308791
0.4289439
-0.8035522
-0.1707116
-0.34493697
-0.28334302
0.05537951
-0.00274685
-0.7176979
-0.9600121
-0.6397644
-0.03181903
-0.008451492
0.26262924
-0.1785595
-1.6661084
0.21965179
0.063523844
0.21705598
0.53434134
-0.21721315
-0.86381865
-0.88836825
-0.5929624
0.13168675
0.016273618
0.039298683
0.047409832
-0.15968484
0.37210992
-0.25632918
-0.326311
-0.10250282
0.04366368
-0.9835099
-0.41121292
-0.8647671
0.44506466
0.37462634
0.90656936
0.106981754
-0.848905
-0.052334882
-0.18009192
-0.35464707
-0.6212338
0.32281744
-0.15800732
-0.6407352
-0.45168573
-0.15067327
-0.03266418
0.30140483
0.2992637
0.20445931
-0.05716595
0.03922838
0.024234146
-0.007904887
-0.28928816
-0.8398695
-0.5115906
-0.114936054
0.3293535
-0.02159673
-0.26335537
-0.07619095
-0.19968325
0.04516837
-0.6765023
0.1992456
-0.018918395
-0.6977142
-0.48360825
-0.6202482
0.09522951
0.110067606
0.50598776
-0.016775489
0.5818027
-0.43808562
0.13931787
0.36824182
0.264679
0.45602116
-0.5583065
-0.67106724
-0.12279189
0.11861977
0.25229633
0.47129375
0.38186583
0.117795646
0.24144161
0.39331624
0.33252576
-0.021492273
-0.5919045
-1.2801386
-1.0086243
-0.41272092
0.06479648
0.36999002
0.46144536
0.26719064
0.44337955
0
0.07179016
0.064778656
-0.2799549
-0.56330943
-0.09551686
0.10148126
0.103557885
0.4255965
-0.14020735
-0.5093939
0.028706223
0.0795267
-0.4742374
-0.8706848
-0.39260113
-0.26903796
-0.15877104
-0.2182622
-0.13856971
-0.13869214
-0.13430047
-0.0915072
-0.059342384
-0.17383671
-0.1484704
-0.0178864
-0.58175325
-0.5089917
-0.25128663
-0.50526905
-0.20091808
-0.005876899
-0.56233346
0.5076692
0.18791446
0.020016551
0.0403558
-0.068706155
0.29296613
0.5563557
-0.09490812
-0.5081134
-0.3958922
-0.74013245
-0.20220071
-1.020598
-0.1056577
-0.1907832
0.4735226
0.6509756
0.89473414
-0.19503337
-0.5182948
-0.49734044
-0.07128179
-0.3679731
0.016946793
-0.096903205
-0.62784326
-0.4711026
-0.81503767
-0.13250452
-0.27224493
-0.066183776
0.5331526
0.44144046
-0.5223285
0.07663749
-0.108092666
-0.1935274
-0.008244753
-0.5279839
-0.32904315
-0.654583
-0.15759909
-0.031484783
0.44497243
0.13771486
-0.052092727
-0.21153145
-0.003349125
-0.4239046
-0.39617157
0.009190392
-0.44076794
-1.299642
-0.23028886
0.029328763
0.03780079
0.6388366
-0.26396456
-0.6677278
0.6205584
0.2034359
-0.16005331
-0.3902432
-0.10644111
-1.2115318
-0.28643012
-0.57192767
-0.09096193
0.91750866
0.5368639
-0.4319974
-0.75732535
0.35976774
0.03424716
-0.1983819
-0.21801016
-0.13510886
-0.6710832
-0.79872036
-0.36891198
-0.39546704
0.3412298
0.6342466
0.43376684
-0.057035685
-0.7267854
0.39405394
-0.5109234
-0.13426094
0.18794787
-0.13453507
-1.1555219
0.28763163
0.39747655
0.7551297
0.50160927
0.31837463
-0.2554888
-0.032811165
-0.20517874
-0.22431672
-0.020197988
-0.68887293
-1.3904636
-0.7726747
0.17033577
0.43446016
0.8079027
0.16169168
-0.3328237
-0.5153501
0.4098226
0.21810204
-0.31425512
-0.08602056
-1.1633711
-0.93657947
0.22286463
0.40423727
0.4831053
-0.28921556
0.23465422
-0.24821794
-0.001654506
-0.61681235
0.014167309
-0.20694959
-0.80232584
0.26490843
0.18757701
0.37954932
0.698883
0.77673334
-1.1722015
0.041176528
-0.02958855
-0.17855959
-0.33078378
-0.28979802
-0.8937335
0.3288238
-0.12937069
0.27228296
0.48223305
-0.3055123
-0.28946114
0.26752007
0.5180831
-0.30579704
-0.3941751
-1.0449339
0.051970243
0.15720963
-0.03424275
0.78956866
-0.23165302
-1.1258256
-0.24091783
-0.08629166
0.23780313
0.21708536
-0.5319346
-0.46555614
0.021739542
-0.21081597
0.35793495
0.9280901
-0.2847433
-0.33860743
-0.35642013
0.01852633
0.18330497
-0.66469723
-0.63255656
-0.5609999
0.24166608
0.23794618
1.1635109
-0.05666265
-0.18552127
-0.59846044
-0.057923615
0.41106975
-0.10001966
-0.47817868
-1.4791722
-0.24864578
0.25073385
0.3736781
0.84443516
-0.7517866
-0.65825766
-0.47196633
0.055710882
0.7766171
-0.4945913
-0.85949135
-0.033375025
-0.032370865
0.2411654
1.1274323
0.291071
-1.098829
-0.12025459
-0.6367492
0.617712
-0.16119216
0.09638423
-0.25756127
0.08766116
0.2740497
0.113353014
0.19534612
-0.4552324
-0.419672
-0.31865028
0.07397416
0.7981994
-0.59405756
-0.9278958
-0.052419722
-0.11087605
0.20778537
0.83359104
-0.5564555
-1.1271915
0.2159163
0.36260638
0.15596886
-0.22406906
-1.036717
0.078080535
0.13841254
-0.13551074
0.39756155
-0.17559934
-0.09685558
-0.303196
0.26131502
0.22302204
-0.29830462
-0.89276505
-0.37045276
0.1861766
0.33797872
0.86168945
-0.24738519
-0.33739778
-0.49172306
-0.38661614
0.70633304
-0.44233513
-0.3748181
-0.8467388
-0.63878524
0.42504358
1.2933782
0.13335666
-0.31791517
-0.7056706
-0.02527833
0.2027452
-0.31719238
-0.5923429
-0.763415
-0.22351801
-0.00126636
0.4105847
0.9485619
-0.5352789
-0.5568142
0.34822544
0.717718
-0.4121517
-0.8469385
-0.84889126
-0.77233315
0.049271584
0.23451257
0.9488683
0.20671016
-0.23437268
-0.14896603
0.8680355
0.10195178
0.109202355
-0.9051146
-0.83144855
-0.49392462
-0.07837254
1.3367984
0.15487415
-0.78736275
-0.42555603
-0.30025178
0.3081501
-0.18550956
-0.03130448
-0.6782465
-0.1749227
0.20083427
1.0549507
0.10187444
-0.46862718
-0.23529322
0.56572545
-0.63245493
-0.18786703
-0.9270538
-0.7275698
0.014384389
0.070216954
1.3241206
0.049860716
-0.23139933
-0.3258061
0.15543467
-0.36217165
-0.4346379
-0.45303112
-0.34734172
-0.015619934
0.18399283
0.87434345
-0.11112225
-0.18910533
-0.6321859
-0.3850203
0.22559616
0.28466672
-0.87346035
-0.37132096
-0.16982162
-0.019224524
0.50530565
-0.74935865
0.09585941
-0.13595182
-0.060783327
0.029173702
-0.06871742
-0.42467487
-0.5340765
-0.5796305
-0.3949455
-0.33675528
-0.18048239
-0.39222693
-0.1266098
-0.121139765
-0.14213967
-0.1803608
-0.39096165
-0.21458387
-0.14431548
-0.118667364
-0.041467905
-0.24680352
-0.54255927
-0.042101145
0.4874639
0.15554526
0.016755
0.2692073
0.044323444
0.80143404
0.4882481
-0.27714622
-0.19245923
-0.16558325
-0.34883368
-0.10470635
-1.0434215
-1.1397611
-1.024367
-0.70233226
0.26523882
0.8584905
0.8282773
0.5030017
-0.039310217
-0.7340863
-0.29045928
-0.037252605
0.2740767
-0.25488845
-0.9266436
-1.0683866
-0.8337705
-0.060634136
0.55359334
0.9236664
0.056507275
-0.09701562
-0.6016624
0.118323684
0.1069113
-0.120146155
-0.83105457
-1.3638544
0.030047476
-0.20301509
0.9232079
0.51479125
-0.94424605
-0.3515815
0.06729722
-0.13695139
-0.5885382
-0.3553853
-0.7839161
-0.5145563
0.36438733
0.6897955
0.7792941
-0.34157723
0.14163119
-0.39209455
-0.2019378
0.085656285
-0.9924257
-0.6221067
-0.18312952
-0.39661252
0.33934385
0.2733119
-0.3598861
-0.007594764
-0.3419695
0.34177995
-1.0039732
-0.6828099
-0.47232312
-0.30329353
0.018329028
0.4568108
0.21270782
-0.4288319
-0.6097075
-0.65438193
0.67557395
-0.31463054
-0.67764616
-0.4630319
0.1501798
0.50994307
0.7033536
0.7027106
-0.9692344
-0.9802406
0.92936796
0.10981256
-0.047641397
1.1491383
-0.55596983
1.1274407
-1.8735085
-0.33090952
0.45543292
-0.60944676
0.5488161
-0.29447383
1.1805352
-2.3065815
0.03654611
0.11459476
-0.97698724
0.7519506
-0.4467638
1.1589947
-2.683195
0.4382923
0.07898247
-0.35213864
-0.11894773
1.2352662
0.30268735
-1.9562068
-0.18568444
1.4477797
-1.2215891
0.954071
-0.5361042
1.2171669
-2.0313122
-0.3234811
-0.0295925
-0.83929694
0.7364949
0.86908627
1.6105592
-2.1862078
-0.83183134
-0.76327455
-0.34239453
-0.08346808
1.6338431
2.4525714
-2.238772
-1.1116508
-0.87600636
-0.25962567
-1.001238
1.0655656
3.161865
-2.3952024
-0.6802757
-0.95176286
-1.7200637
-0.49167153
1.0632241
3.0844128
-0.86061406
0.76550984
-0.94747806
-1.8317375
-0.7269221
2.1058497
1.7210264
-2.9622812
0.18227124
-0.6362388
-1.324549
-0.68148506
0.88565636
1.6406641
0.7767606
-1.0991409
-1.4384177
-0.17939019
-0.6900742
0.64373827
0.5159638
1.1175253
-1.9732046
0.20763755
-0.3355949
-0.5490388
-1.4549989
-0.34500426
0.10644114
0.3868543
-0.41376424
-2.1443996
0.39023286
0.13826644
0.14927125
0.3974396
-0.54078364
-0.9070397
-0.39378908
-0.03859584
0.18839741
-0.022492588
0.22191289
0.60793585
-0.55242825
-0.23248577
0.026662111
0.6454939
-0.5829684
-0.4795717
-0.688802
0.17537022
0.19848251
0.30367553
0.5715251
0.64042246
-0.03347396
-0.6918855
0.18615294
0.19928598
0.67246306
0.5692332
-0.96509063
-0.97197425
-0.10937911
0.22868425
0.11941835
0.56897
0.23142079
0.101290315
-0.29597682
0.085725725
0.5059147
0.044430852
0.046525
0.60964656
-0.27487803
-0.97354007
-1.5915256
-0.7432233
-0.22501633
0.7568655
1.1546819
0.1852771
-0.4252969
0.7192515
-0.16064453
-0.03706336
-0.20122778
-0.6894706
-0.9776501
-0.8230922
-0.09625924
0.32256106
0.42824638
0.63879067
-0.17157486
-0.60022295
0.35102338
0.33534217
-0.034651756
-0.082554996
-0.9342131
-0.58353645
-0.092510164
-0.22786424
0.93844557
0.61412674
-0.20555821
-0.34486416
-0.59751195
0.033580616
0.053858906
-0.15043598
-0.14422415
-0.85999984
-0.60094357
-0.5196074
-0.017183304
0.40178782
0.37566972
0.19911587
-0.46608555
-0.79355824
0.73714787
0.047534615
0.445916
0.16769174
-0.86808336
-0.7234099
-0.15201735
-0.106643915
-0.1379813
1.0354553
0.94578487
-0.035403073
-0.6760672
-0.05364836
0.66424
-0.17403275
-0.45066682
-0.7789718
-0.85029805
-0.47571027
0.013115168
0.25773245
0.8641594
0.38570875
-0.18583913
-0.56227314
0.10113758
0.003111124
-0.1682778
0.12035516
-0.4466468
-0.27659547
-0.4330293
0.37596914
-0.3740639
0.19885704
0.53716886
-0.14954428
-0.74853945
-0.005222354
-0.041708212
0.25730398
0.04358095
-0.72517717
-0.79607
-0.78052104
-0.03388679
0.058255672
0.06598556
0.17108166
0.15660417
0.2590211
-0.019891024
0.12733725
-0.23633641
-0.08083728
-0.28212023
-0.8397316
-0.60710895
-0.1503669
0.0755173
0.47542608
0.5441863
0.36471868
0.20576474
-0.5148467
-0.67748404
-0.14188004
-0.04552692
0.4190551
-0.3229583
-0.5339973
-0.91690147
-0.8721373
-0.35712647
-0.23448038
-0.17937946
-0.32022667
-0.4437089
-0.21280622
-0.13274336
-0.28615093
-0.33891034
-0.3766632
-0.40728092
-0.087884426
0.04599619
0.5635271
0.27642936
-0.10073048
-0.1484031
0.2834504
0.73771966
0.2852012
0.041549444
0.10554981
0.4123087
0.22441411
0.10833597
-0.38420248
-1.0569017
-1.1105872
-0.5013206
-0.08250728
-0.30541286
-0.36191478
0.50759625
0.42078334
0.41885972
-0.7740087
-1.0907096
0.35186964
-0.104388714
0.12728667
0.57590294
-0.053009152
-0.75867146
-1.074837
-0.91123044
-0.47530496
-0.2657324
-0.14367104
0.5795856
0.41739404
0.23757231
-0.6826148
-0.6298826
0.41170835
0.5700281
0.2206434
-0.38655585
-0.7481377
-0.8071898
-0.7237488
-0.52487445
-0.111293554
0.62194866
0.47622123
0.14398177
-0.6541901
0.124437705
0.026766807
0.006543756
-0.12448767
-0.28288534
-0.87318975
-1.0110209
-0.4139259
-0.3005594
0.22132206
0.62312204
0.5070854
-0.018160999
-0.82565695
0.12150985
0.23236926
0.27002367
0.823824
-0.44673368
-0.7931205
-1.2149148
-0.5534705
-0.26623154
0.36688232
0.7324452
0.5076163
-0.038233787
-0.42643133
0.07987334
0.23417974
-0.058579087
-0.26625246
-0.5001213
-1.0239336
-0.43230128
-0.12387943
0.4807936
0.41811574
0.63134235
0.4428753
-1.1195107
-0.1178889
0.37066147
-0.121500015
-0.17873573
-0.5712882
-1.3905592
-0.13344264
-0.22845042
0.06597555
0.3483507
0.87474906
-0.048297614
-0.8398973
0.6485691
0.6018977
-0.19827211
0.21107334
-1.9029672
-0.5051751
0.035666287
-0.001785666
0.627614
0.6818688
-1.129868
-0.32468092
0.17120984
-0.07837552
-2.823698
-1.2021129
-0.048733234
-0.40270066
-0.4412067
-1.0710411
-1.0921321
-0.10554695
-0.45580387
-0.21259212
-0.13150215
0.97175026
1.4108278
1.4094384
0.4251876
0.22282541
-0.118284285
-0.5818014
-0.5698651
-0.72277236
-0.4567005
-0.3641951
-0.38588697
-0.49390614
-0.23816395
-0.11861658
0.028546333
-0.26836586
0.051879406
0.3986609
-0.2699628
-0.21070719
-0.449566
-0.33241087
-0.3461843
-0.32796514
0.24732172
-0.062461853
-0.102142334
0.9186348
0.026506782
-1.4261768
-1.074991
0.6093885
0.069149494
0.56327343
-0.27698493
-0.23767686
-0.6613513
-0.7593417
-0.6796484
-0.4870401
-0.3581437
0.7517701
0.5851635
0.45693064
-0.8263843
-0.7428601
0.2452023
0.21632588
0.28558958
-0.34589648
-0.6515761
-0.8097254
-0.22778332
0.23642296
-0.003990889
0.2809142
0.031468034
-0.5438286
-0.14430094
0.22124124
0.35178304
-0.64341056
-0.9890427
-0.46785548
-0.23488465
-0.38718748
0.015467525
0.71338105
-0.03707421
-0.76033723
-0.005473018
-0.05806482
0.3905579
0.39042437
-0.6921958
-0.8589179
-0.98683655
0.19016951
-0.102131784
0.6139909
0.45358515
-1.1161292
-0.07434076
0.41532636
0.14382434
-0.45024657
0.13238561
-1.2806432
-0.7287338
-0.131442
0.36181504
0.3624699
0.14398491
-0.6910347
-0.7025578
-0.7578113
0.53236175
-0.5280147
-2.1635175
-1.4885077
-0.08319497
-0.24000311
-0.80761886
-0.61058235
-0.72485113
-0.39334726
-0.25623846
-0.677649
0.1903472
0.8932984
1.0290371
1.1362524
0.47888058
-0.15701222
-0.09427738
-0.2252953
0.36344862
-0.12762141
-0.4872434
-0.1731615
0.023011684
-0.21478868
-0.04390049
0.33784604
-0.100847244
-0.36090708
-0.7638967
-0.9857645
-0.90960354
-0.95956385
-0.646801
-0.031164408
0.09022924
-0.05965194
0.13215339
-0.009089649
-0.42230415
0.1567136
-0.47871697
0.127895
0.4781115
0.11360574
0.004589915
-0.6744119
-1.03214
-0.67501485
-0.40472078
-0.5295378
0.02382565
-0.10681704
0.18213513
0.47843528
0.4566145
-0.80297786
-0.7060416
-0.003669322
0.23790455
-0.10911238
0.40160108
-0.14926499
-1.1116122
-0.685148
0.05808951
-0.24057522
-0.22672531
0.74634165
0.7868695
-0.07136357
-0.60282314
-0.00771898
-0.09638429
0.27417552
-0.034537673
-0.040164113
-0.9812214
-1.0653238
-0.83955103
-0.35148686
-0.17369226
0.3715009
0.43559724
-0.026186734
-0.8304567
0.3385808
0.009873092
0.35277689
0.28907216
-0.3429461
-1.506092
-0.10970861
-0.2575136
-0.0990794
0.14496551
0.6750476
0.011207581
-1.0179158
-0.27438676
0.024681494
0.112564445
0.9159919
0.41900885
-0.4867366
-1.0978726
-1.4817086
0.43851233
0.20941228
0.82338166
0.25889957
-0.60468197
-0.10004336
0.08809626
-0.26637137
0.33523595
0.1789558
-0.7674906
-0.92089367
-0.64397335
-0.24427426
0.12444827
-0.03498414
0.52060926
0.26102805
0.06280851
-0.14394766
0.16515696
-0.09627354
0.11868763
-0.79356587
-0.8152654
-0.3439635
-0.17696339
0.21467999
1.3566177
1.1436409
-1.3840737
0.47739857
1.3124543
-1.5995477
-0.45847255
-0.17848709
2.831971
-3.7696877
1.2768403
2.2846775
-1.4222815
0.35342044
2.6569598
-4.173213
1.4322501
0.45698163
-1.2055063
1.6328701
0.02897191
0.727149
-2.5595548
2.635334
-1.7585247
-0.26582593
1.2364411
1.7986801
-4.6290965
0.704993
-1.3485677
-0.7866634
1.1945713
0.6953547
-0.4115646
-0.5456071
0.5321266
-1.6653454
-1.5998533
-0.28805095
-0.15155911
0.03845775
-0.56678826
-1.317482
-0.23105437
0.31144053
-0.86699724
-1.0100231
-0.8098366
-0.71736765
-0.8325691
-0.5303266
-0.20979977
-0.37449098
-0.3332975
-0.001591206
-0.2373929
-0.18978453
-0.23641348
-0.53018713
-0.33104658
-0.18111515
0.29016757
0.4667809
0.51154625
0.4545368
0.30591708
-0.23525718
-0.4757106
-0.22046846
-0.5845578
-0.18483317
0.078650594
0.095338464
0.59309316
0.06318164
0.4191358
0.075271845
-0.48939514
-0.3433287
-1.1167656
-1.4638691
-1.1484777
-0.5451411
0.094450854
-0.073192686
-0.12850347
0.13427237
-0.17833997
-0.57727367
-0.9179126
0.05771102
0.5889667
0.6041293
-0.020587087
0.10353148
0.04415226
-1.2088757
-1.3080004
-0.64455783
-0.68615305
-0.50245136
-0.23634744
0.4855535
0.34358507
0.2616876
0.016994178
-0.2684632
-1.0440739
-0.3627881
-0.08010314
0.09640655
-0.044642866
-0.053125024
0.069009244
0.2335453
0.07168257
0.10562503
-0.09376705
-0.3303367
-0.8781801
-0.650193
-0.5790872
-0.44464505
-0.5468049
0.09210843
-0.31793076
-0.1150178
0.05104286
0.3093649
0.170097
-0.6697843
-0.50148875
0.30438536
0.17011017
-7.81E-04
-0.08487895
-0.1609225
-0.3926443
-0.2101775
-0.1084528
0.107471585
-0.16227496
-0.3979241
-0.4246928
-0.34083933
-0.1822552
-0.12854294
-0.07366356
-0.08047196
-0.1302142
0.010708153
-0.019732758
0.15212217
0.07605758
-0.033528596
-0.33423883
-0.079497546
-0.22264688
-0.23954937
-0.24300186
-0.11399237
-0.004350424
0.029322699
0.00627549
0.08936077
-0.18099666
-0.073427916
-0.27219787
0.007355869
-0.02546087
0.0755654
-0.007224977
0.3121022
0.028785825
-0.14377522
-0.21028101
-0.1095413
0.04246545
-0.23178148
-0.19548392
-0.06800377
-0.29816848
-0.09484613
-0.035057783
-0.13923103
-0.26341158
-0.19141382
0.012039006
0.10706365
-0.20004511
-0.113512576
-0.13742614
-0.16034144
-0.023759723
-0.028452814
-0.027975619
0.076266825
0.06257981
0.035758376
0.07659012
-0.005064368
-0.079075694
-0.08176947
-0.089684844
-0.07735723
-0.025129914
0.025174618
0.108832955
0.098139465
-0.07727641
0.01128459
0.024679184
-0.08778489
-0.11299896
-0.030506194
0.03854394
-0.09497279
0.026319563
0.009364486
0.07310456
-0.021420658
-0.36144495
0.037323892
0.21696931
0.021013081
-0.019189596
-0.48942757
-0.415106
0.062983096
0.2365439
-0.20435059
0.06969887
-0.062295258
0.2360431
-0.01450491
-0.26442993
-0.030355811
-0.056430817
-0.102897406
-0.30334198
0.04490316
-0.09488952
-0.07458842
-0.15485334
-0.20004058
-0.40714812
-0.17226207
-0.28531432
-0.15088451
-0.121781945
-0.2542386
0.34535253
0.12296867
0.05816269
-0.022136211
-0.11105502
-0.032832623
-0.09452796
0.084768176
-0.01176095
-0.07023263
-0.04415226
-0.25736344
0.11828691
-0.03340006
-0.40771565
0.25329912
-0.18485457
0.108991265
0.6805114
0.4375031
-0.14271373
0.2232762
0.23762488
0.1939196
-0.129735
-0.11121184
-0.22182971
-0.37998915
-0.44716358
-0.74024725
0.086381316
0.09665157
0.2429777
0.36953264
-0.26922402
-1.0826843
0.5670516
0.21442038
0.9934516
0.033830702
0.11672628
-0.24114352
-0.30278468
-0.54703856
-0.46323764
-0.3333731
-0.3426824
-0.22179827
-0.051823005
0.012897491
-0.1395793
0.04729414
-0.06983054
-0.44679675
-0.4627695
-0.4315306
-0.6097184
0.054874003
-0.17834586
-0.016304076
-0.101320386
0.2370187
-0.25510287
-0.35873747
-0.68565655
-0.10592306
-0.20324576
-0.15912247
-0.3442793
-0.14258552
-0.36812884
0.10812032
-0.32230413
-0.5753275
0.27221945
-0.23943216
0.3365501
-0.3669557
-0.5709107
-0.13446471
0.40299556
0.09874064
0.003613114
-0.095496714
0.44926065
0.4009359
0.63653255
0.43501854
-1.2900022
-1.8378047
-0.017052025
-1.9257822
0.21688503
0.28107798
-0.018938243
0.35312417
0.088692755
0.07416728
0.038269937
0.3814658
0.44539684
-0.13139951
-0.5573834
0.67396307
0.3054523
-0.4401846
-1.7843084
-0.033034086
-1.5113802
-0.58643365
0.38225794
0.7405225
0.45330787
-0.081863046
0.12738371
-0.29259038
-0.72205544
-0.99283814
0.5814204
0.033431053
1.7996628
-0.13564801
-0.534454
0.65373516
0.2402556
0.7522816
-0.029569805
0.71841145
1.7453127
0.7759185
-0.28091097
-0.6983185
0.4631629
-0.41384363
0.49193192
0.27062893
1.3580313
1.3578358
-0.53308296
-0.2905054
-0.59034634
-1.4257402
-2.209505
0.95386124
0.33362198
-1.5954676
-1.0706215
0.35140514
-0.5978775
3.5313063
2.2966099
-1.3667917
-4.1595287
-1.1186857
1.743537
0.6478305
0.081347466
0.55760956
0.37473202
-0.86006737
0.025461197
0.027335167
-0.24193573
1.1027966
1.2765884
1.6773643
0.0236969
2.1300507
-1.7347717
-1.7989597
-2.0265074
-1.6588402
-2.0687115
-2.7405105
-1.2688725
-1.6537361
0.8502217
0.21015054
0.168549
0.8224612
0.82343
0.40639165
0.26098675
0.19945315
0.34623027
0.4286699
0.8551372
2.1150103
1.0170228
0.017000914
-0.2801509
0.20960832
0.39111185
0.38729024
-0.20948386
-0.17846227
0.015284181
0.1447128
0.64908814
0.054973602
-0.76939654
0.21940517
-0.114680886
0.61377954
0.725368
-0.5120816
-1.4712186
1.1093986
-2.206689
-0.5955672
0.37080753
-0.099333644
1.4467998
0.17673635
1.0921158
0.44007647
-0.9678607
0.5187259
-0.19810581
-1.49367
-1.1993784
-1.2374945
-0.89581525
0.9570647
0.6622398
-0.125736
0.5169565
0.6205712
0.80450696
0.6221554
-0.8495643
0.5689311
-0.46148467
-0.22111809
-0.19533515
0.1486063
-0.06621885
-0.08503604
-0.3410877
-0.34559703
-0.065867305
0.06438339
-0.15617931
-0.09818852
-0.18763125
-0.28898442
-0.3254248
-0.30222416
-0.15588558
-0.14904773
-0.13785315
0.9920099
-0.30218506
0.6532922
0.19957638
-0.3147707
0.22058487
0.845804
0.7147317
-0.16335249
-0.31319046
-0.20669746
0.119782925
0.59878874
-2.057829
0.88142014
1.7211752
2.5990062
1.6543522
-0.757308
-1.1847239
-1.5523682
-0.2856636
-0.7806349
2.201126
0.2324934
-2.1783514
0.04250431
0.99807453
0.68343544
0.5358839
0.28188133
-0.50133324
-1.095923
-1.101347
-0.9985924
-1.4886703
-0.93351746
0.72121763
0.09589863
0.31437778
0.23201036
-0.76087284
-2.654212
0.5623584
0.32235765
-0.10654545
-1.0257945
-1.2619371
-1.4360942
-1.2956018
1.5019752
0.6929014
0.871531
0.637553
0.9568811
0.98868775
1.9652507
0.112368464
-2.4318497
-0.40021336
-2.4216342
-1.0314957
-0.32709098
-0.18312621
0.3548565
1.3941694
-0.20007122
-0.24800241
-1.8778889
-1.6290507
-0.13178587
0.6919532
-1.3190227
-2.0987105
-0.60712147
-0.7242613
0.2673626
0.41526604
0.17217493
0.7989235
0.41338158
0.50509834
0.45765018
-0.65857124
-0.6107125
0.4984727
-0.27513266
0.22589731
-0.2853775
0.4737754
-0.28811836
-0.98214626
0.31741333
0.06274223
0.10512924
-0.52380323
-0.10145998
-0.048236847
-0.12606144
0.187181
-0.057708263
0.08533764
0.4291315
0.4202118
0.59154487
0.7588968
0.33188272
-0.14398193
-0.17009175
0.31032562
-0.2204361
0.114372194
-0.36519384
-0.93801236
-0.35556817
1.1959534
-0.09842461
-0.34949803
-0.3076058
0.03398931
-1.2069396
0.08326256
0.006293535
0.21525645
0.81554526
0.229776
-0.3475546
-0.47251362
-0.20480907
-0.1378606
0.14201522
-0.9962384
-0.9917073
0.089967966
-0.13961124
0.30150473
0.47534764
0.30234563
-0.33224168
-1.2866017
0.19061762
-0.038838
-0.049136937
-0.18244484
-0.33476287
0.16446786
-1.0398551
0.61207885
-0.19469471
-0.54557467
0.019706547
-0.26963532
-0.21509203
0.027482003
-0.104413986
0.090482354
-0.31314903
0.05875063
0.24092373
0.56184036
-0.717122
-0.18692282
-1.1671276
-0.2841977
-0.32260764
0.40117133
-0.2200681
0.017235637
-0.003024221
0.14848435
1.0964758
-0.7308142
0.53569746
1.442842
1.5355656
-0.64695
0.42904925
0.26098108
-0.6819248
-0.057407856
-0.48456883
-0.24735236
-0.124940634
0.007553339
0.36036205
-0.22186708
0.0724659
-0.2460599
-0.09394312
-0.061148643
-0.19711924
-0.06878519
0.42237854
0.15099382
0.053497314
-0.27765656
0.0660944
-0.55925083
0.19292164
0.18252516
-0.30061913
-0.24091864
-0.42312956
-0.34710217
-0.45131922
0.3701887
-0.23669481
-0.48068237
-0.62582684
-0.36870527
0.24043274
-0.53613186
-0.1498723
-0.05078602
-0.4031477
-0.11544275
-0.3831663
-0.056330204
0.1587615
-0.47126055
-0.5168524
-0.8052368
-1.1051674
-1.3707995
-1.328258
-1.2767234
-1.0537539
0
-0.022303104
-0.002879143
-0.041877747
-0.1020813
0.120165825
0.17385674
-0.2604003
-0.05551386
0.13231087
-0.20678282
0.048115253
0.24628115
-0.06985855
-0.22657537
-0.356143
0.045999527
0.032084465
0.017210007
0.01874733
-0.4901495
-0.24786234
-0.24002814
-0.44946218
-0.48222733
0.1251998
-0.13347387
-0.2627728
-0.1804583
-0.1425283
-0.16920376
0.31501794
0.027261972
0.42779255
-0.4369886
-0.28144264
-0.02418685
0.060702562
-0.05066037
-0.008675337
-0.075430155
-0.020603418
-0.077647686
-0.009746552
-0.048934698
-0.21153069
-0.27435696
0.21176505
0.026569963
0.38663936
0.38065314
0.24700522
-0.17922306
0.015917301
0.081103325
-0.63904
-1.0677639
-0.53498304
0.16822866
-0.5679352
-0.21405709
-0.45481634
0.27211154
0.22680229
-0.4058588
0.494498
-0.08768201
-0.52545583
0.0957973
-0.25391054
-0.99945354
-0.5359819
-0.14801979
-0.36786366
0.32371473
0.05441332
-0.041158676
0.46010685
0.26352763
0.3925922
0.478338
0.25231552
0.20385075
-0.26701093
-0.23795867
-0.063349485
0.07429814
0.3679669
0.472574
-1.0000775
1.3947458
-0.5696671
-0.21565855
-0.29722524
-0.23286438
0.19474888
0.05248636
0.045677483
-0.24654198
-0.21804738
0.12557113
0.054967463
0.08907187
0.2634058
0.12255702
0.25991064
-0.28211793
-0.077881455
0.32749417
-0.38645065
-0.2583596
0.052070975
0.626837
-1.294721
-0.062956996
0.06785216
-0.69172287
0.12057912
-0.45153457
0.13203016
0.46961987
0.018683612
0.014076531
-0.1416196
-0.007029057
0.02346021
-0.07891443
-0.086690664
-0.06563383
-0.08217049
-0.22549748
-0.12971985
-0.15789121
-0.19184321
0.08774316
-0.2515661
-0.10468525
-0.07430869
-0.15104488
-0.101572394
0.007304132
-0.00188148
-0.025960982
0.04020542
-0.29462957
-0.42526364
-0.5304811
0.06534521
0.025493324
-0.11521586
0.021811105
0.17194866
0.4149299
-0.57948446
0.14601022
-0.31626076
-0.028395683
-0.11433175
-0.0703499
0.14288399
-0.38940874
-0.17893293
-1.6999655
-3.0384421
0.35714102
0.083119154
0.39040947
0.14731932
0.045357466
1.2950768
0.7737272
-0.20254517
0.038057685
0.17713153
0.04692602
0.16131854
0.2447108
-0.09102094
0.020771325
0.23492521
0.008334942
-0.24832475
-0.14794934
-0.23701376
0.025754392
0.17969584
0.18724664
-0.22686258
-0.5930599
-0.23525882
0.92681533
2.014688
-0.16272163
-1.044557
-1.7386725
-2.8516126
-4.1586366
-0.7643223
-0.79107904
-0.004701138
0.80390453
-0.17183733
0.15272903
-0.16256952
0.8453393
0.3590808
0.23381948
0.47969437
0.27928782
0.9298024
0.626529
0.7431977
0.45590353
0.3443781
0.9979712
0.3843492
1.2380505
-0.70599604
0.110299766
-0.29510802
-0.57000417
-0.25438565
0.13016395
-0.10369179
0.055782616
0.28097093
0.2377913
0.18708587
0.332731
-0.33316374
-0.36794662
-0.21508765
-0.33631635
-0.5075917
-0.37742758
-0.07014477
-0.12624705
-0.108552694
0.29454398
-0.033537865
-0.41989613
0.76685333
1.2577338
-0.09544611
-0.03125429
0.50450945
0.76178503
-0.6261487
-0.6802578
-0.28183126
-0.38239145
-0.37188482
-0.1017642
0.013170242
-0.83225965
-0.50061274
-1.0054908
-0.9926367
-1.1922302
-1.0860415
-0.3869366
-0.058633924
-0.79207563
0.04484503
0.129413
0.13322505
-0.07656455
-0.056131247
0.11900172
-0.094172575
-0.14324121
0.07275936
0.10704912
0.15169734
0.23474744
0.29267317
0.46498644
0.29600632
0.18110561
0.25622904
0.37346935
0.22087407
-0.20241213
-0.16963887
-0.11755729
-0.0574615
-0.12202442
-0.26027775
-0.14306271
-0.08247256
0.42709637
-0.8485563
-0.0178833
0.30932832
0.022166967
0.5720463
0.9554591
0.3458705
-0.67101955
-0.36929703
-0.19336653
-0.43370008
-0.09353948
0.14375687
-0.037802696
0.11036205
0.3315873
-0.47454977
0.042006016
-0.2575493
-0.18555784
-0.21139193
0.0458889
-0.16247082
0.16003895
0.14737701
0.16094732
-0.05287075
-0.013986111
0.024095058
-0.1584959
-0.045600414
0.7357516
0.40653133
0.21061563
0.62267876
-0.40040302
0.37091112
-0.67788506
0.088115215
-0.5437927
0.06903124
-0.15898228
-0.21737432
-0.032375336
0.004477024
0.39641285
0.034114838
0.023461819
-0.5434942
-0.62978125
-0.8522606
-0.7055435
0.19672489
-0.75094795
-0.65323067
-0.7499814
0.1826191
0.8728156
0.31769657
-0.09797859
-0.09974623
-0.06166029
0.29196692
0.16288757
0.05453539
0.060036182
-0.25067568
-0.39704323
-0.109390736
-0.30875254
-0.17216682
-0.1923213
-0.14951706
-0.070985794
-0.046856403
-0.046076775
4.77E-06
-0.012510777
-0.2054348
-0.090833664
-0.10250187
0.19432974
0.06419039
-0.1837492
-0.81287766
0.06842375
-0.54354525
0.033786774
0.5136442
0.23932457
0.42862272
0.42749596
0.7542577
0.31385756
0.45884943
0.1484952
-0.09019804
-0.049259186
0.19614649
0.35376644
0.006798267
0.14648485
-0.81937313
-0.58603835
-0.960505
-0.37265563
-0.192276
-0.14773369
0.24838686
0.69456697
0.7523515
0.25146866
-0.5173757
-0.45475674
-0.45925355
-0.70008755
-0.18175268
0.40154982
-0.34338593
-0.56385326
-0.1556108
0.3481276
0.2864585
-0.2509477
-0.2651162
-0.82863
0.2767651
0.3565302
-0.030311823
-0.5487964
-0.21564507
-0.5527289
-0.46132326
0.07387781
0.4108243
0.64628863
0.58160377
-0.3489113
-0.63436055
0.5579138
-0.09652448
0.08346748
0.021749496
0.05777216
-0.047480345
-0.3876357
-0.91338015
-0.37774444
0.11634517
0.20591116
0.47461152
0.6680527
0.24244261
-0.89624953
-0.13153744
-0.22264004
-0.050889015
0.08316946
-0.2470336
-0.17792654
-1.3921793
-0.19438434
-0.112663746
0.43939495
-0.028177023
0.22444057
0.16540694
-0.28694987
-0.49965596
-0.06602001
0.23285675
0.18982625
0.062999725
-0.84764814
-0.6286707
-0.09286094
-0.56976604
0.006092787
-0.24501872
-0.27629328
-0.11571169
-0.14058566
-0.116104364
-0.13626313
-0.064431906
-0.09779811
-0.024647236
-0.06257486
0.04842925
-0.008197546
0.05815959
0.1552732
0.1483221
0.05458069
-0.21122932
-0.017438889
-0.2573588
-0.15377259
-0.33154702
0.22244072
0.018751621
0.007969141
0.5558133
0.27584982
-0.147758
-0.08505821
-0.026326656
-0.16658354
-0.6928544
-0.24592876
-0.62544894
-0.38682795
-0.40674996
0.048050165
-0.50183916
-0.36837077
-0.16717577
-0.27358794
0.030181408
0.12670946
0.22829652
0.4746518
-0.19675231
-0.47796226
-0.5070379
-0.36310124
-0.07386112
0.052164078
-0.49367332
-0.68124485
0.03199339
0.30395055
0.4370196
0.38209915
0.1591258
0.25463057
0.7288666
0.63890266
-0.5813751
-0.71144724
-0.6575372
-0.43041086
-0.18385696
-0.38456988
-0.40654302
-0.30575252
-0.019698143
0.27313066
0.12921953
0.5570152
0.14051008
-0.35649014
0.72409964
0.005637646
0.2510252
0.30258703
-0.23624563
-0.3424554
-0.49522662
-0.9419968
-0.985729
-0.041638374
-0.28403008
-0.19886303
0.23157501
0.41643667
0.6777284
0.45484924
-0.04594493
-1.2603166
-0.59733605
0.38477254
0.33611584
0.06738663
0.2694173
-0.5236635
-0.86665654
-0.6328707
-0.33297396
-0.12971532
0.1918788
0.24351573
0.39956355
0.46456814
0.66425204
-0.039512396
-0.26819706
-0.6477294
-0.003952026
0.013719082
-0.07480025
-0.08701706
-0.54900074
-0.56398606
-0.89544535
0.18747377
0.15293884
0.26092649
0.2657957
0.15307426
0.2961564
0.15535808
-0.56282306
-0.5855348
0.038438797
0.2484057
-0.09005976
-0.037888765
-0.5138817
-0.5782316
-0.58668494
-0.6334696
-0.5074861
-0.17384517
0.14385664
0.001704931
-0.017425299
-0.08040166
-0.15736055
-0.12889433
-0.085264206
-0.075424194
0.007965803
0.053239107
0.091802835
0.033382177
-0.1845522
-0.17613912
-0.17282486
0.14389873
0.038322687
0.10697937
-0.11262035
-0.097644806
-0.31974292
-0.16587043
-0.03828764
-0.33601165
-0.1860795
0.13043237
0.1141243
-0.034585476
-0.01638794
-0.040513992
0.01666689
-0.031713724
0.008229494
0.028065443
-0.12886715
-0.14208245
-0.04946637
-0.12683606
-0.088340044
-0.021855354
0.07567978
-0.582834
-0.47275233
-0.92261195
-0.3796041
-0.05537772
-0.3354318
0.5077741
0.33691382
0.4248736
0.34383225
-0.037203074
-0.6141832
-0.25042343
-0.24389791
-0.41460824
-0.53526545
0.28025937
0.13444638
-0.0681448
0.5669124
0.46674752
0.890862
0.37790298
1.0066781
-0.4870615
0.36536407
1.0875854
-0.6199393
-0.2756605
-1.9220066
-1.7789328
-0.9454992
0.8857609
-0.28771532
-0.034876943
0.26288557
0.2835182
-0.291214
-0.001833558
-0.5700691
1.2674071
-0.5792577
0.29684484
0.20022154
0.21661401
0.3846724
0.4192207
-0.010364533
-1.0484636
-0.79795384
-0.7445967
-0.81792736
-1.7872722
1.1484869
-0.1840223
1.1077726
0.5715976
0.88218665
-0.3028593
-3.633351
0.5951123
1.2916362
3.0478249
1.5366054
0.83940697
0.05730152
-1.2080035
0.049531937
-0.45028782
2.1357365
1.2947092
0.24604797
-0.09301853
-0.5726805
-1.2333131
-1.017849
2.1533427
3.579071
-0.31158304
-0.4696703
-1.5574722
0.32719088
-0.22481823
0.13985205
0.10880041
-0.22159195
-0.41807413
2.89776
0.34562397
-4.442776
-2.2196937
1.261755
0.19891405
-0.39622402
0.062952995
-0.5883074
-1.107306
-0.71290016
0.32640696
0.35509205
-0.03457451
0.013524056
-0.50641537
0.058705807
-1.8025537
-0.6560097
-0.049536705
-0.29707146
-0.62139416
-1.575541
-1.6508313
-1.5301399
-1.6007206
-0.31662482
-0.21527821
-0.012114298
-0.47712794
-0.44708225
0.3406925
0.38916445
0.1830019
0.14387918
0.21696725
-0.26793203
0.6805195
0.54150414
0.029275894
0.39406204
1.9606261
1.8556852
2.125852
2.230227
-2.765792
-1.778091
-2.3547378
-1.9749632
0.64018774
0.59543705
0.99869347
-0.6528368
-1.0386534
0.6177635
0.63609123
1.1670408
2.1707668
-0.8259568
-0.58424616
0.030390263
-0.7887387
-1.1867318
-1.5338855
-0.85543823
0.2261405
1.7827225
0.36309147
1.2024794
0.5901041
-0.008180618
-0.47811127
-0.105793
0.00399971
0.41697884
-0.76353073
-2.087737
0.4467125
-0.96852684
-0.47829723
-4.0524206
0.30825672
0.60752785
0.29371923
1.3665918
0.91984326
0.059369594
1.6616178
1.2572169
0.96952534
-1.3899467
0.09745622
-1.9710726
0.063041955
-1.4031817
0.7816553
0.90520257
1.3056686
-0.32854486
0.20073819
0.60102606
0.38286495
1.2430339
0.48552036
0.49493074
0.037730694
0.18061733
0.7440176
-0.28897953
-0.028867722
0.015932083
-0.51295185
-0.3164711
-1.3459206
-1.8979273
0.020098686
-0.8844733
0.54584455
-0.50274706
-0.46812868
-0.97255373
-0.9133158
-1.022387
-0.29738998
0.3409083
0.8301537
0.26792455
1.1803191
-0.36137056
-0.6280811
-0.044356585
-0.31735373
-0.33384466
-0.34980416
0.33633852
0.9601469
0.41680336
-0.16095519
0.18881679
-1.19328
-1.6293339
-1.0726178
-0.42491168
-0.021472633
-1.020007
-0.122042894
-1.7122018
1.8849138
-0.44254518
0.8050922
0.7225082
-0.04602073
0.20234248
0.2566585
-0.25848293
-0.18382832
-0.17705044
-0.2923915
-0.38172907
-0.054534018
0.33048204
-0.19695574
-0.033982188
-0.304941
-0.13079798
-0.17394125
0.08574933
-0.015469909
-0.25143403
0.2214061
-0.24321395
-0.07132244
-0.0627566
0.10763997
-0.20813525
-0.68952
0.08337784
-0.027650714
0.13213384
0.265046
-0.016429722
-0.15440506
0.14514303
-0.015601218
-0.34421563
-0.35085225
-0.30202746
0.45700192
0.4968353
1.5563154
0.0673005
-0.05916071
-0.018983424
-0.07184094
0.55501103
0.6097939
0.35230517
1.2102859
-1.5309863
-0.016476154
-0.3559265
-0.26925206
-0.25007463
-0.4344356
-0.06102276
-0.15195179
-0.112560034
0.36169958
0.03644657
0.29424667
0.004442215
-0.2135644
-0.058973312
-0.07657051
0.23513794
-0.25479317