1.2343059
0.16540647
0.873415
-0.6339543
-0.23741198
-1.9869304
-1.5376415
-0.2383647
-0.55479956
-1.8539286
0.6901603
-0.08036375
-0.40686417
-0.15780115
-0.5442772
0.79260635
1.0745301
0.04591751
4.97E-04
-0.04423189
-0.011965752
-0.03476286
0.21667528
0.63096905
0.87506247
0.5565324
0.9204097
0.9249706
0.54499435
0.6850364
-1.3010991
-0.16117072
-0.7420666
-2.6514935
0.32186055
1.9238036
-0.007320166
-1.401149
0.11979389
-0.17054963
-0.6427641
-0.062922716
-0.930948
-1.9732342
-2.208067
-0.7594886
1.1359563
-1.1750216
4.3000836
-1.1211123
-0.076663494
0.27906418
0.091907024
0.2404089
-0.4572916
-0.050062656
-0.56408453
-0.41441965
-0.19846106
-0.42458248
-0.61716366
-0.50919914
-0.5352907
-0.17175293
-0.7098012
-0.5955119
2.1395335
1.5461731
-0.3147769
-0.43350077
0.01960516
0.2017703
-0.06970167
-0.46915865
1.4443145
-1.1415391
-0.35134935
0.24288559
-0.33203173
0.08272457
-0.09385872
-0.09611797
-0.05709505
0.16101599
-0.038049698
0.06653929
-0.05106163
0.0116539
0.17274714
-0.28957748
0.003805637
-0.049819946
0.26475382
-0.017847538
-0.084190845
0.076640606
-0.05992365
-0.05056858
0.038589
0.08090019
0.00796032
0.04853773
-0.015455723
0.03508854
-0.015564919
-0.005065441
-0.010907173
0.002347946
-0.00142622
-0.05417061
-0.007737637
0.012135983
0.0573802
-0.055969715
0.022747517
-0.005033493
0.12017918
-0.055850506
0.03920698
-0.051051617
0.043575287
0.0707531
-0.01868391
0.035057545
-0.24637747
-0.16727877
0.17865181
0.322999
0.032555103
-0.07428408
0.043780327
-0.07460499
0.051087856
-0.56206656
-0.19537592
-0.76011467
-1.1070356
-1.101038
-0.47274208
0.91706467
0.9557438
-1.6587391
1.4632578
0.27285767
-0.5964823
0.122029305
-0.050143242
-0.055256844
-0.30957985
-0.06850338
2.2731
-3.258504
2.2568083
-2.0919056
0.60909367
-0.78069496
0.1366911
0.5100994
0.24171734
-0.69192696
0.90618134
-0.23099995
0.32057476
-0.056262016
0.3967762
0.28416014
0.8201809
0.563519
-0.013099194
0.8411927
1.2101798
-0.4658475
0.35972977
-0.050733566
0.022093773
0.4033556
0.06250048
-0.41645813
-0.19020605
-0.07942581
-0.16700983
-0.11993408
-0.08184099
-0.022530079
0.3418374
-0.14869452
-0.32188177
0.27248287
0.6952605
-0.45862055
0.24188805
-0.34990692
0.07959461
-0.103881836
8.81E-04
0.10951328
-0.32510996
-0.26561832
0.15629625
0.17207146
-0.09747696
0.020124912
0.03616619
0.37845945
-0.6614852
0.36702776
-0.10857868
0.23479939
-0.3524332
0.9610014
0.010557652
0.62612915
0.065541744
0.11182451
0.13231325
-0.34642887
0.054230213
0.19739294
-0.10722828
-0.04356146
0.021997929
-0.10766697
-0.040149212
0.17371988
-0.2605915
0.092466354
0.20520782
-0.07366133
-0.016674995
-0.008889198
-0.04858303
-0.29307222
-0.26808643
-0.026712894
0.01573515
0.3505907
-0.55046797
0.32787752
-0.24961138
-0.18243837
-0.39679956
-0.5828247
0.15075731
0.1508956
0.6873112
0.13798046
-0.18693256
6.80E-04
0.39412403
-0.019530773
-0.21691847
0.26572227
-0.05006218
0.03668499
0.10490894
0.1686697
-0.24716806
-0.41922235
-0.047821045
0.23471451
-0.06838083
0.09699154
0.1439724
0.1374731
0.05569601
0.119026184
-0.3901205
0.08839321
-0.23015165
-0.08283949
-0.16954708
-0.072669506
-0.05107832
-0.03593874
-0.098851204
0.0121665
0.036886215
0.031523228
0.004201889
-0.0702548
0.011367798
-0.03390169
0.07025099
0.009539127
0.051121235
0.091246605
0.09234953
-0.16587019
0.14704037
-0.24051046
-0.035101414
-0.16879892
0.00216341
-0.43892145
-0.46462536
0.09405947
-0.16528034
-0.7343626
0.11168146
0.059112072
0.067252636
-0.15763426
-0.102394104
0.046352863
0.06536245
-0.044389248
1.0436602
-0.48304987
-0.16627908
0.14175439
-0.46233463
-0.16812563
-0.58475685
0.023293495
0.15971327
0.062228203
0.15467882
0.06526613
0.09619188
0.12335348
0.001013279
-0.45388937
0.4655075
0.1647911
0.19456983
-0.11452627
0.11056399
-0.024703026
0.115083456
0.16768074
-0.04747653
-0.21013546
-0.14423823
-0.029436588
-0.4452231
0.17275095
-0.1042335
0.101548195
0.009524107
-0.20909023
0.24982738
0.24395561
-0.24176145
1.1820133
-1.323323
0.49446917
-0.026346207
-0.04655075
0.08588481
-0.093372345
0.38168263
-0.60642505
0.3126011
-0.011495113
0.26244593
-0.59967303
0.084396124
0.123478174
-0.04254675
0.09385705
-0.013767242
-0.11087942
-0.17959976
0.16060996
-0.09038496
0.19813895
0.003916264
0.032227993
0.014665365
1.0917761
0.2956655
0.040163517
-0.3316779
-0.33866072
-0.7249234
-0.67749906
0.07983875
0.24341011
-0.45079947
0.052490234
0.10385585
0.10683441
0.09060097
0.13429928
-0.32786942
0.015797138
0.24231172
0.1550858
0.10094285
0.020357847
-0.022994995
-0.07069993
-0.0775547
-0.10891175
-0.10562086
-0.07064271
0.04433632
0.07422447
0.022316933
-0.008640289
-0.1769867
-0.96548223
-1.0602107
2.7255254
-0.5963936
0.43782902
-1.7203531
1.2796135
0.4468236
-0.22063541
-0.07889938
-0.67172575
0.1882968
-0.32814312
0.30942678
0.08318043
0.0993557
0.25596142
0.5327811
-1.5411873
-0.64744043
-0.1826868
-0.11211538
-1.0543637
1.7188435
0.6660266
0.28411627
-0.1971879
0.45694256
-0.028101444
-0.16347027
0.052311897
-0.36136532
-0.2811432
-0.041571617
0.005589962
-0.022319317
-0.032811165
0.22632074
-0.20353508
-0.1915574
-0.114785194
0.29345798
-0.05722046
0.41787243
0.25019407
0.3279667
-0.27078152
0.035614014
-0.08438349
0.096288204
-0.32503653
0.012580872
-0.23242283
-0.36390877
-0.05205679
-0.2230401
-0.12752056
0.2590027
-0.09461498
0.04300642
-0.007214546
0.11474514
-0.08252859
-0.49795914
0.32438707
-0.1308918
-0.13352203
0.11602068
0.19094229
0.059376717
-0.037810326
-0.3513112
0.45172262
0.6887088
1.494484
0.80807877
0.6316712
-0.048654795
-0.71229506
-0.26622295
-0.27948022
-0.020114422
0.026477575
0.06803727
-0.13240147
-0.74870825
0.023706675
1.2744482
0.16930819
-0.6193173
0.036476612
0.7652998
0.23301136
-1.3119144
-0.2655306
-1.5806756
-0.74428415
0.06773424
-0.13481092
-0.12075615
0.49400854
-0.19860506
0.15597486
-0.41555023
0.15442133
0.3434248
-0.073534966
-0.37195158
-0.10250807
-0.04098749
0.060288906
-0.15461063
-0.09892893
-0.29214525
-0.16553068
-0.115632534
0.4045558
0.6409693
0.32097816
0.07401991
-0.09418678
0.08732033
-0.06306648
0.41911983
-0.23945999
0.13967037
-0.16770315
-0.65917826
-0.018540382
-0.11756945
-0.033872128
-0.17066145
0.12174177
-8.52E-04
-0.4865222
-0.52119637
-0.4060588
0.04464817
0.5031905
0.6050887
0.53545904
-0.13221264
-0.08919382
0.54233384
0.019729853
-0.34964657
-0.2212956
-0.18643212
-0.10858846
-0.37550592
-0.07060814
-0.48836756
-0.40581894
-0.15769005
0.34393024
0.24429655
0.01583004
-0.016019821
0.12777662
0.12145138
-0.44952154
-0.16991806
0.15997028
0.04721594
-0.15261889
-0.16948223
-0.23362207
-0.13080883
0.17876768
-0.07025194
-0.004183292
0.19139528
0.04860401
-0.011351585
0.006126881
0.075761795
-0.31568193
0.80082035
-0.22907639
-0.73287773
0.16135073
-0.056152344
-0.2881961
-0.3558674
0.10660744
-0.2078433
-0.1003685
-0.26157522
-0.35713005
0.08048439
-0.08195305
-0.14013338
0.066073895
0.34983826
-0.31240892
0.01419735
-0.46682835
0.20424414
0.14597797
-0.011744022
-0.16071272
0.04417658
0.15907192
-0.1336503
0.3849063
0.12512684
-0.41332197
-0.4023862
0.2752695
-0.22793102
-0.36232042
-0.4084468
-0.09554386
-0.013895035
-0.27289295
-0.16602898
-0.36487675
-0.19884491
-0.064017296
0.16619301
2.38E-04
0.046196938
0.6278925
0.17015171
0.20114422
-0.2536955
-0.064912796
-0.1215868
-0.007819176
0.18805218
0.044737816
-0.13259506
0.19136429
0.17780018
-0.022973537
-0.22468185
0.15839624
0.1097126
0.58273363
0.122279644
-0.23487139
0.14151192
-0.016433716
-0.021909714
-0.3643241
-0.5929017
-0.12625408
-0.3039279
0.16661406
-0.16603327
-0.10233021
0.05140686
0.09189701
-0.001936436
-0.039329052
0.18156481
0.13669729
0.05251932
0.02934742
-0.017208576
0.11526632
0.06705189
0.023375988
0.044035435
-0.45084143
0.16678715
0.3157792
-0.3802576
-0.07892275
0.15272379
-0.6471901
-0.07263136
0.012696743
0.22904062
0.03136158
-0.16502047
-0.32403564
-0.33882523
-0.47182083
0.38370228
0.15236092
0.19795704
-0.078649044
-0.18401766
-0.013811111
0.3117628
5.17E-04
-0.005934238
-0.11046934
0.033293247
-1.05E-04
-0.024093628
0.06848574
0.022484303
0.003465176
0.08828306
0.015108109
0.27662468
0.19357109
-0.035259247
-0.09467554
0.10298014
0.011487484
-0.014840603
2.50E-04
0.02526331
0.027824879
-0.040222645
-0.03367138
-0.023489475
0.029366016
-0.014633179
-0.04742527
-0.07939339
-0.020282269
-0.011440277
0.06672716
0.10129833
0.006308556
0.077280045
0.043708324
-0.015575409
-0.011164188
0.020925999
0.065140724
-0.056099415
-0.050671577
0.031520844
0.016429901
-0.02182579
0.08803797
0.026524067
-0.049695015
-0.034864426
-0.04559803
0.06438112
0.10372782
0.06036091
-0.07615042
0.004664898
-0.007758617
-0.001951218
-0.051784992
0.17260838
-0.29822826
0.012022018
-0.05157709
-0.019787788
0.03190899
-0.1075449
0.015824795
-0.024254322
0.06899595
0.026793003
-0.04989195
-0.031391144
0.03438711
0.001051426
-0.008160114
-0.007757664
0.030097961
-0.037831783
0.05102396
0.008588791
0.011089802
-0.057853222
0.043622494
-0.020010471
0.04859972
0.03153038
0.014160633
-5.48E-04
0.019704819
-0.006330967
-0.004958153
-0.08199644
0.006148338
-4.82E-05
-0.035681248
-0.039110184
0.014831066
0.04682064
0.023093224
0.002950668
-0.010803223
0.006611347
0.030685425
-0.005751133
-0.013338089
-0.002194405
-0.096520424
0.08466911
-0.04495001
0.038535118
-0.074714184
-0.025438309
0.019583702
-0.001410484
0.005321026
0.08315992
-0.04015398
0.015991688
0.009776115
0.023949146
-0.009587288
-0.004546642
0.035361767
0.025588512
-0.007014275
0.06365204
0.58410454
0.050757885
0.031433582
0.3825965
0.3365636
-0.17304087
-0.120038986
-5.10E-05
0.13398552
0.24354458
0.002315998
-0.075630665
0.5950055
-0.6062584
-0.426785
0.06449604
-0.14795542
-0.07516813
0.009002209
0.032128334
0.13395262
0.18617678
0.25182056
0
0.08780289
0.03691244
0.026064873
0.46174383
0.15003252
0.36436534
-0.019019127
0.018363237
-0.18890524
-0.4475739
0.08624625
-0.22778511
-0.374202
-0.47234535
0.037912846
-0.08884668
-0.14145279
-0.26372004
-0.30818367
-0.054286003
0.071894646
0.20809793
-0.13404608
0.7157459
-0.8071718
0.16060972
0.085532665
0.21993971
0.24856186
0.38779545
-0.16538286
-0.39422703
-0.32224607
-0.26897192
0.17722559
-0.011726856
-0.13542843
0.1285348
-0.01014328
-0.024820328
0.24738932
0.1955986
0.1633668
0.5663285
0.23353529
0.23361921
-0.001179695
-0.16470957
0.2013874
0.17492104
0.09667778
-0.3235607
-0.40161228
-0.11736965
0.022077084
0.06385374
-0.30280638
-0.23654556
-0.06006241
-0.42079544
0.09800005
-0.15737915
-0.13300467
0.07544422
0.012030602
-0.19835424
-1.62E-05
0.22061062
-0.08139467
0.3810501
0.15664577
-0.021713734
-0.36061287
-0.41485882
0.34819412
0.03472519
0.7784295
-0.121768475
0.2644899
0.37943578
-0.43380785
0.4201467
0.049081802
0.24830008
-0.3603964
1.5435512
-1.0373385
-0.1260004
0.24806786
-0.1894629
-0.21679544
-0.31497383
-0.07796621
0.03503704
-0.17313814
-0.29546046
-0.34602904
-1.6311901
-0.31469584
0.15973902
-0.2970705
0.4995222
0.25276375
0.6910963
0.4480691
-0.03085804
0.034676075
-0.51757765
-0.10936499
0.055262566
-0.1850915
-0.27201152
0.045993805
-0.2886989
0.1946044
0.40760922
-0.047009468
-0.34936476
-0.32389712
0.06288242
0.07460213
0.39244533
0.16243339
0.001051426
0.25144362
-0.008024693
-0.49690437
-0.98297715
0.57339454
0.5152602
0.27123904
-0.51689005
-0.26392627
0.14028263
0.08806658
-0.039854765
-0.1876328
0.49284244
-0.30761075
0.2289896
-0.18900084
-0.7049215
0.05629897
0.27670097
0.06250906
-0.15538049
0.054281473
0.5173712
0.12085366
-0.49525404
-0.371598
-0.18086219
-0.32703972
-0.5179677
-0.17067242
-0.30752516
0.44298553
-0.043215275
-0.004973888
-0.6470685
-0.36480212
0.091326
0.3559246
0.13792777
0.3931327
-0.4739437
0.11828208
0.46409965
0.9592743
-0.3388796
-0.63776445
0.13463163
-0.14743805
-0.096065044
-0.1400969
0.13362908
0.19110036
0.239218
-0.03742075
-0.4735322
-0.50839853
-0.45604753
0.7319207
0.34498358
0.059288263
0.16656947
-0.07452297
-0.20449877
-0.0261302
0.056547403
0.3708005
-0.017089844
0.02072978
-0.11966562
0.25654173
0.09670639
0.52505755
0.74318147
0.22007751
0.8986211
0.66233945
0.51899827
0.7196533
0.5512718
0.3327161
0.38091034
0.24968867
0.39250305
0.30419117
-0.012649611
0.115000606
-0.09940606
0.03868258
-0.15414023
-0.044321895
-0.24265134
-0.39293575
-0.07181358
-0.26422
-0.22215104
-0.060227633
0.007170439
-0.44537497
0.17704487
0.18732
-0.106781244
0.19329691
-0.38647866
-0.2795756
-0.08681989
0.14418435
-0.010710239
-0.1946044
0.009766102
0.22765279
0.36423993
-0.23392546
0.25120914
-0.15146875
-0.29767275
0.09000921
-0.018554688
-0.4202664
-0.35467935
0.19896126
-0.02396202
0.08195329
0.015919924
0.06685209
6.84E-04
0.003839254
-0.03242731
-0.019327402
0.008169413
0.03661561
0.060806036
0.003921509
-0.015529871
-0.021451235
-0.09849143
0.1067183
-0.08635354
0.24388957
-0.28620195
0.35239077
0.27893186
0.25449634
-0.92656183
0.061525106
0.3847618
-0.23280144
-0.21688938
0.08209491
0.3685224
-0.011671543
-0.10761404
0.16106749
-0.058559418
0.21421194
-0.008119345
0.16120982
-0.003493309
-0.24807143
-0.16381693
0.013990879
-0.16382074
-0.26471686
0.17260313
-0.061050415
-0.27758503
0.02533269
-0.14134574
0.01076436
0.058320045
0.039539576
0.07603669
0.0367043
0.02524209
0.03197837
-0.020645618
-0.004654169
-0.01555419
-0.028680086
-0.04743457
-0.03657794
-0.01596117
-0.030848503
-0.049250603
-0.015188932
0.77489305
-0.55919576
0.03769374
-0.47588158
0.29832602
0.37366295
0.110997915
-0.18476915
0.006113529
-0.0458436
0.10419512
0.15515423
0.04694128
-0.08529019
0.21906829
-0.20757842
-0.2766955
0.14205027
-0.123360395
-0.2922411
0.011666298
-0.00318861
0.18360186
-0.17356491
-0.03031516
0.06090641
1.29E-04
0.31706262
0.3972044
-0.14693189
0.4315312
0.092268705
0.1854372
-0.08551049
-0.12149644
-0.08207393
-0.05387163
-0.18600392
-0.093845844
0.03822708
-0.024392605
-0.15215802
0.070263386
0.07423234
3.13E-04
0.08924842
0.041454554
0.12823081
0.13506675
-0.27168083
-0.13354611
-0.004014969
-0.188869
-0.25729036
0.35155606
-0.050801516
-0.01755619
-0.038607836
0.06709361
-0.006896734
-0.19103122
0.37272
0.28092003
-0.26443386
0.13138819
0.4776976
-0.13530946
-0.034188986
-0.3936925
-0.84135294
-0.45011997
0.28444958
0.29167223
0.20321083
0.2327323
0.17328882
0.09637976
0.01353693
-0.2933917
-0.1560831
0.1590066
-0.20635843
-0.09998226
-0.067698956
-0.016078949
-0.034255505
0.042341232
0.09238005
0.011651039
0.06871891
0.005214214
-0.07731295
-0.112185955
-0.12451792
-0.1163249
0.092068195
-0.15078449
0.049362183
-0.20840883
-0.039475918
-0.076357365
0.11718655
0.052877426
-0.08745241
0.06733084
0.60834455
0.001523018
0.08438921
-0.06780434
0.030314445
0.07028055
0.36886358
-0.42542744
-0.32890463
0.32305098
0.064073086
0.41044426
0.059889317
0.1375413
0.086236715
-0.103196144
-0.08743501
-0.12842894
0.005703688
-0.15488625
0.009902477
0.19291353
-0.15954018
-0.2215333
-0.07757807
0.1011281
-0.10195732
-0.03307104
0.13280916
0.082116604
0.105855465
0.13917446
0.19035292
0.26095343
0.15050507
-0.29843712
-0.18903637
-0.14314795
-0.5671611
0.14051914
0.41528034
0.24100971
0.33031797
0.4290471
0.58710337
0.27367854
0.26672935
-0.43991113
-0.7496555
-0.2411809
-0.5953784
0.060050488
-0.25575256
-0.29417562
-0.44368792
-0.05176258
0.84682703
0.28702068
0.32655263
0.2640903
0.024422407
0.5873263
0.8983381
-0.18633842
0.22708869
-0.20968127
0.001868725
0.33463073
-0.05589652
-0.2935691
-0.7135377
0.08911228
0.12616348
-0.844213
0.92764235
0.14392185
-0.5377307
0.028389454
-0.010962963
0.1699984
0.22574663
0.06281996
-0.5053611
0.17330074
0.066214085
0.87190676
-0.27860928
-0.13109255
0.68468237
-0.3833294
0.14265418
-0.019781351
0.05310893
0.62430525
-0.32457542
-0.57522726
-0.43204546
1.0241375
0.8859086
-0.42022252
-0.35992765
0.2569976
0.08198404
0.40949988
-0.31327724
-0.41168356
-0.30424976
-0.47797394
0.4004388
1.077117
0.5896218
-0.93589973
-0.7949128
-0.05080843
0.4500637
-0.24433923
0.13434649
0.24242973
0.12411308
-0.079544544
-0.6370325
0.013089657
0.9152374
-0.06345081
-0.27795315
-0.12928629
-0.076310635
0.27765703
-0.022964954
-0.28657722
-0.6377673
0.26486063
0.41154242
-0.9314146
0.4129405
0.37901163
0.77969027
0.17965794
-0.11227465
0.6920481
0.005718947
-0.14395499
-0.8877773
0.24521065
0.30286598
0.10267258
-0.7172432
-0.6148224
0.46625996
-0.37255192
0.46345663
-0.7180939
-0.18660545
0.28941536
0.028182983
-0.23680592
0.06381369
-0.049545765
0.21217585
0.07326937
-0.5571313
-0.22526026
0.5199876
-0.13616848
0.018871784
0.24357319
0.09091234
0.2249093
-0.08130789
-0.3898654
0.08220005
0.17143774
-0.54439783
0.007790089
-0.24919415
0.3068161
0.5210357
0.12401247
-0.46667147
0.54535055
-0.054296017
0.2509308
0.3432467
-0.06509495
0.14286327
0.15243626
0.7101393
0.81561613
0.7138941
0.3899207
0.14987302
0.6214316
0.46656537
0.40120733
0.54888546
0.38784844
0.124976575
0.16767663
0.31532955
0.48374325
0.25992644
0.07257038
-0.005488455
0.04300332
0.03737831
-0.1997112
-0.042505264
-0.2539512
-0.18373644
-0.54439926
-0.186548
-0.23953462
-0.31656075
-0.06656909
-0.11475015
-0.46678162
-0.18365455
0.055895567
0.15917802
0.15172076
-0.3264897
-0.5514641
-0.6031065
0.55242205
0.29591227
-0.3938055
0.40270066
0.49483633
-0.003703833
-0.4417355
-0.12978053
-0.34280062
0.052824497
0.16038609
-0.28043938
-0.082907915
-0.060338974
-0.012812138
0.15565968
0.013273239
0.039002895
-0.03642273
-0.004339695
-0.00551033
-0.02126789
-0.025506496
-0.036197186
0.01207304
0.043028355
0.030949593
0.039411068
-0.04476452
-0.023010254
-0.005500078
0.008381605
0.006042957
0.03468561
0.04537487
0.009570837
-0.014625073
-0.04391098
0.022668839
0.014468193
0.001644373
-0.020010948
-0.01836729
-0.02150321
-0.048989534
0.03480363
-0.013900518
-0.01105237
-0.012336969
-0.019762754
0.008276224
0.034413815
0.02449894
-0.02491641
-0.04710245
-0.09710288
-0.078080654
-0.00189209
0.058882236
0.0672369
0.21201897
0.04805422
0.062021255
0.34056997
-0.016003609
0.02793622
-0.16467428
-0.23799467
-0.05844283
0.26475286
0.33731246
0.18326402
0.06481242
-0.018880606
0.044564486
0.022693157
-0.024235487
-0.0559721
-0.07327008
-0.057344437
-0.03150177
-0.04716158
1.0780759
-0.22484922
0.14049959
-0.28399348
0.1937635
-0.067890644
0.25823116
0.11840439
-0.06537032
0.75150514
0.24814415
-0.097990036
-0.291142
-0.14215565
-0.67970157
-0.43560052
-0.86724806
0.16907787
-0.12690163
0.064564705
-0.026030064
-0.02131915
0.013113499
0.019984007
0.054523468
-0.01064682
-0.055809975
0.053617716
0.07148123
0.043126345
-0.00921607
-0.03187704
-0.07099128
-0.002897263
-0.004773855
-0.039286137
0.008974314
0.002233982
0.023292065
-0.045792103
-0.00150156
-0.026414633
0.003401279
-0.007697105
-0.009581804
0.012757063
0.027827263
0.002470017
0.036165
-0.012239218
7.76E-04
0.024681807
0.016955853
0.02082944
-0.020859957
-0.04024434
-0.06316209
-0.05465579
0.001113176
0.005675077
0.07156587
-0.043438673
-0.030637264
0.006179094
0.012194872
0.031078815
0.021337986
0.043550014
0.03923917
0.03518462
0.07362676
-0.087777376
-0.12490225
-0.12398076
-0.09576011
-0.09002113
-0.044825077
-0.017327547
0.003898382
-0.003528833
-0.024956942
0.011376143
0.053132534
0.069714785
-0.04067588
-0.014067888
-0.09625411
-0.030678988
-0.001099587
-0.0366776
-0.056313038
-0.046260357
0.005174875
0.044539213
0.024892569
-0.02277422
0.012788057
-0.020618677
-0.004604101
-0.13174033
-0.2851951
-0.13994956
1.0561914
0.93172765
0.43354797
0.008891344
0.18598557
-0.1287775
0.022352934
-0.109169245
-0.07124925
-0.06298661
0.013546705
-0.117622375
0.064801455
-0.24209642
-0.73320246
-0.9354696
0.09369826
0.3639078
0.058350563
-0.6496053
-0.6892452
1.0353413
0.4021628
0.07247853
-0.6402261
0.38998938
0.1442473
-0.033951283
-0.5123987
-1.0073237
-0.39817667
-0.9814129
-1.1281872
0.54996395
0.43231392
-0.08942366
-0.2893858
0.06680393
-0.974628
0.61331654
0.058249474
0.43557596
0.15521693
0.2186451
-0.81829023
-0.30326796
-1.3614798
-0.33454847
0.23258877
1.0117288
0.5713587
-0.4303484
-0.48763037
0.804121
0.12981272
0.9134102
0.250741
-0.5163889
-0.6964817
-0.24060583
0.7380614
0.30879545
-0.2461679
-0.59886694
0.50265837
0.19804811
-0.1776557
0.0392251
0.8236718
0.2875073
-0.030825138
-0.386827
0.27093267
0.29655027
0.41502953
-0.31828284
0.02190876
-0.48841906
-0.38401246
0.23461151
0.18113208
-0.106277704
0.9343388
0.1507802
-1.0658422
-0.32014894
1.0387874
-0.815351
1.2474289
-0.43968225
0.16865301
-0.49362898
0.00381732
-0.09613252
0.43862915
-0.14872551
0.003220081
-0.71643305
-0.2108736
-0.28020954
0.022740364
0.7498441
-0.47296667
0.08640909
0.8707409
0.61212873
0.12090826
0.75674105
-0.3879447
-1.4553409
-0.8028588
-0.75240326
1.0941181
-0.47640085
0.41504002
-0.13718271
0.4940138
0.25012827
0.03734255
0.4064932
0.24261808
-0.1418953
-0.72084904
-0.16803837
-0.68199635
0.8216791
1.0419502
-0.26621485
-0.80426073
-0.010818958
-0.2998562
0.94127893
-0.42109585
0.335361
-0.122419834
-0.61384296
-0.22958231
0.23834419
0.8427596
0.43848705
-0.37255096
0.11378002
0.048184395
0.6052141
0.47836566
-0.072648525
-0.5988903
-0.9764004
-1.0095563
-0.65909195
0.5316498
0.6165142
0.45253825
-8.63E-05
-0.025851727
0.44449854
0.50662136
0.100504875
0
-0.13724709
0.015985966
0.46818924
1.079587
-0.24333668
-0.67088604
-0.016744614
-0.20702505
-0.049234867
-0.37792015
0.18867016
-0.064845085
1.261838
1.435035
0.6863427
0.23026562
0.5561124
0.059979558
0.11137974
0.094647706
0.35442626
0.4293974
0.30811203
0.5989151
0.37038234
0.65788686
0.3166523
0.36686242
0.6667633
-0.1871504
-0.91549164
0.2750762
-2.1926699
-0.7902727
-0.8932016
0.3176353
-0.42237806
0.14406514
0.32506037
0.22061324
-0.37336063
-0.0907774
0.1641841
-0.98530436
0.08035421
-0.24509001
0.23065186
0.67355824
0.4994545
0.61868
-0.05186701
0.17082691
0.25556636
0.34598494
0.6482942
-0.3965249
-0.11056352
-0.16328335
0.13328624
0.73493624
0.71005607
-0.11937404
0.6968112
0.05509925
-0.112902164
0.48060274
0.4945178
0.42903566
0.30374432
-0.35213256
-1.0428205
-0.096413374
0.034355164
0.29847407
0.6318331
-0.17551136
-0.29794836
-0.14594793
0.88882303
0.34705377
0.4453261
0.20100856
-0.8394289
-0.51208544
0.3892417
1.3811474
-0.5803218
0.06837273
0.21563101
-0.28507233
-0.07847309
1.0773239
0.436625
0.49573827
-0.13809323
-0.73499036
-0.24862957
0.42825103
-0.492126
0.461658
-0.2883408
0.36968398
-0.26448822
0.11278105
0.09179306
0.2479322
0.34031534
-0.3821447
-0.504375
0.002798319
0.7587397
0.49480224
-0.70198417
-0.28170538
0.14908385
0.26538038
-0.51039195
0.30178595
0.52499676
-0.047231913
0.17449093
-0.9879389
-0.5130949
0.10485172
0.7219012
-0.8975363
1.1456544
0.29579878
-0.48202014
-0.111712694
-0.51483345
0.46597528
0.04784298
-0.809319
-0.63468885
0.3161912
0.6886585
0.14368963
-0.19544554
0.13310981
0.052373648
-0.12232137
0.20280504
0.42171168
0.3810165
-0.7793331
-0.6901517
-0.27442026
1.2925673
-0.28230572
0.8649256
-0.007092953
-0.72274756
0.013494968
1.0886571
-0.2713275
-0.1581943
-0.73780036
0.19234467
-0.46919513
0.6829121
-0.90304995
-0.16587472
0.37687778
-0.13451767
0.7315669
0.43632436
-0.03436184
-0.03266573
0.07862234
-1.8894849
0.19954586
1.8401682
-0.65333056
0.094273806
-0.9296503
-0.6790199
0.335176
0.5925567
0.72587156
-0.26468277
-0.42157793
-0.18537855
0.42122793
-0.9998088
0.58639574
0.3422165
0.45436335
-0.45923805
-0.66566396
-0.052365303
0.54964733
0.8130374
-0.6085534
0.8775821
0.6410215
-0.5805576
-0.47913623
-0.23157048
-0.43288064
0.67034674
-0.22596335
-0.02082944
0.119650364
-0.084620476
0.12894392
-0.12275767
-0.19334388
0.015767574
0.487432
-0.240448
-0.30126047
0.4048221
0.25695014
0.16545677
-0.707201
-0.6115422
0.21992588
1.660763
0.018193722
-1.0383747
0.3357823
-0.87760067
-0.23215818
0.42583752
0.13699293
-0.14541388
0.2758298
-0.14804983
0.7426667
0.56346655
-0.09121919
0.2596984
-0.85391784
-0.14902091
-0.052989483
-0.3374822
0.16438961
-0.1932311
-0.68980694
0.22970915
0.5321927
0.5493438
0.074270725
-0.39433932
-0.33740234
0.23048353
-0.14678812
-0.02307272
-0.245677
0.06764412
1.3795977
1.0718558
-2.2390091
-0.31401134
0.1736269
-0.33119917
0.20884609
0.4415517
-0.00251627
-0.14643955
-0.11758661
-0.19084167
1.0428758
0.5564029
-0.76250553
-0.06336594
-0.063761234
1.1495306
0.41067815
-0.334018
-0.86035013
-1.3447132
0.19424534
0.5573325
-0.0713892
-0.23009992
0.3836975
-1.0665174
0.9609604
-0.1850965
0.29471064
-0.13371658
-0.07967281
-0.49973202
0.0894742
0.49282885
-0.36292076
0.2563486
-0.23767185
-0.6155672
0.5879586
0.20121789
0.43009353
-0.46106625
-0.2642517
-0.065460205
1.6370962
-0.122186184
0.1807661
-0.6219659
0.13422918
0.24464417
0.79581475
-0.009282589
-0.08995247
-0.39068937
-0.0939126
0.1254015
-0.70989966
0.020343542
-0.4227214
-0.31438828
0.7873864
0.70856094
-0.05628586
0.06038022
-0.8926821
0.38961506
0.7741101
-0.5713105
-0.8394418
0.036859512
-0.38045883
0.19114399
0.02932787
0.41549397
-0.16452932
-0.24669647
-0.48436308
0.38076496
0.71989393
-0.30406952
0.31777477
-0.2931652
-0.15635037
0.2046051
0.5359893
-0.32760334
-0.5730119
0.23190165
0.4683566
0.14785814
-1.2824135
0.3323555
-0.74309826
0.9619498
0.25413632
0.051367044
0.3935547
0.38374615
-1.5214758
0.30914116
0.21075106
0.23050404
0.14636564
0.12547636
-0.4755962
0.08033204
-0.027982473
-0.13451385
-0.5298538
0.010237217
0.8775525
0.5790224
-0.19485188
-0.4539814
-0.9286752
-0.83609533
1.4687839
0.63554287
0.42531157
-0.04406309
0.39183283
0.9274323
1.1112313
0.860477
0.47111976
0.74973094
0.48534948
0.77736163
0.8342029
0.46527785
0.46388924
0.40119326
0.22341698
0.17729709
0.09955171
0.063456625
-0.23821032
-0.49812043
-0.5513971
-0.98397255
0.6019311
-0.47312474
-1.1794462
-1.6739228
-0.101918936
0.031668425
-0.19000483
-0.36397862
0.08547306
-0.317492
0.3393774
-0.5355377
0.519366
-0.31964064
-0.097017765
-0.57398796
0.25884724
0.47576046
0.027712107
-0.27061176
0.5520959
0.06368852
0.77937984
-0.05327916
0.021476507
-0.6541083
-0.45964742
-0.17399454
0.805284
-0.69725657
0.43270302
-0.007971764
0.76290584
0.71991754
0.13203669
0.59463906
-0.5880172
-0.4595647
0.5470748
-0.007724524
-0.6340871
0.45037317
0.6960983
-0.5240097
0.18771839
0.18312097
0.9144628
-0.28471017
0.06595659
-0.20429754
0.30965328
0.041965485
-0.5523219
0.79225445
0.18503189
0.8901298
0.28205776
0.048537016
-0.09947491
-1.0657191
-0.21945667
-0.29938936
0.0895133
0.23299074
1.0948544
-0.793767
1.4781401
0.26000285
0.563174
0.02565527
-1.1107774
0.16736507
0.60731363
-0.22885633
-0.18991446
0.13433838
-0.7216368
0.1604712
0.05782056
0.3257687
-0.028308392
-0.6844444
0.3547306
0.4035964
-0.88237953
0.71860075
0.76242876
-0.30346656
-0.3489654
-0.10834217
-1.0875301
2.3669233
0.4616735
-1.2590282
0.40567327
-0.15712738
-0.46820283
-0.08629799
-0.9732623
4.2807016
-0.60632086
-0.3589971
-0.74202347
-0.7083001
0.77435684
-0.08408022
3.0267324
-1.5982721
0.34679794
-1.0253668
0.41512442
-0.5800743
0.3978343
-1.3513656
-1.4235346
1.3078146
3.103458
-2.3618422
0.03323126
3.0790622
1.9547966
-2.1372712
0.17775726
0.47034717
-0.9336548
-0.88206434
0.42107534
1.1244173
-1.4173794
-0.9078326
0.5067704
-0.723547
-1.082387
-2.8841166
5.385393
-1.0761209
1.2044756
-1.6423395
2.1262808
-1.2516966
0.55925465
0.20250702
-0.83928776
-0.04108715
-1.4685986
1.7375197
-0.6387377
0.045900345
-1.9320898
0.9074106
1.4700942
-0.34995365
1.4548278
0.59968066
-0.23689413
1.4614911
-0.9068296
-1.541285
2.1052642
-1.8662786
-0.79986334
-0.17770052
1.1790929
-0.026833534
-0.16244793
0.5685253
1.9681854
-2.2396674
-1.023529
-2.0419269
3.7033572
-1.1323681
2.0398288
-0.20839715
-0.15063405
-0.25175333
-0.025240898
0.22884035
-0.008214474
0.7465453
0.6885147
-0.46005058
-0.4126444
-0.045473576
0.99787855
0.4283309
0.06251955
-0.9742174
0.9494319
0.44657755
0.2945261
-0.2733283
-0.47845125
0.08736515
0.36432838
0.17677426
-0.05520892
0.18448043
-0.122247934
0.17896914
-0.3565538
-0.11677766
0.5891783
-0.5105624
-0.8469384
-0.23636246
0.5094893
-0.41492796
-0.46631432
0.7091365
0.6373377
0.32171178
-0.4527068
0.20693374
0.71911407
-0.08207989
-0.42050147
-0.6356685
0.08891916
-0.043260813
-0.9416766
-0.42378473
-0.15997219
0.09266353
0.41903472
0.99940443
0.50084686
0.21386886
-0.450994
-0.4772482
0.19729471
0.06375027
-0.12510991
-0.65797997
-0.7639208
-0.1514287
0.09536934
0.6819556
0.29885364
-0.45630002
-0.68250275
0.68474555
0.15320945
0.12699485
-0.99761176
-0.21121883
0.39180136
-0.6792035
-0.35334492
0.26569533
0.24927711
0.5167706
-0.2553177
0.18972516
-0.046548128
0.6857374
-0.36968184
0.15584588
-0.13330507
-0.022655725
-0.32131457
-0.34065938
0.20721245
0.6918876
0.4161005
-0.6775789
-0.22218657
-0.34458995
0.060803175
0.33030295
-0.45299315
-0.23495865
0.42475247
-0.3980844
0.008648157
-0.3688817
0.49983573
0.17381406
-0.4815724
-0.014678955
0.523304
-0.30410242
-0.06874871
-0.3068471
-0.22956657
0.38840604
-0.1863904
-0.1167922
0.009696484
0.2547617
0.03959894
-0.29121685
-0.6559434
0.21431828
0.68007565
-0.15417457
-0.26396465
0.3009262
-0.008298874
-0.049016237
-0.20462346
0.44854903
0.4619429
0.53789353
0.55200124
-1.632952
0.77636385
0.3083303
1.9240015
-1.0173147
-0.066209674
-0.39916515
-0.49344158
0.18138385
-0.012922049
0.019942999
-0.09393382
-0.8733001
-0.7405224
0.21084547
-0.079776525
0.753098
0.25627828
-0.6506555
-0.5035348
0.007084131
0.31842422
-0.018565893
-7.12E-04
0.845536
-0.76958895
-0.476099
0.039484024
0.040284157
-0.16421604
0.3649311
-0.34448195
-0.05826664
0.29233885
-0.1788454
0.36927176
-0.12393856
0.42136526
0.16033697
0.19061947
0.5149059
0.2770388
1.488548
0.68600607
0.33081448
0.089130044
0.5639272
0.49396056
0.27482426
0.55328345
0.5759811
0.57551134
0.32613528
0.5780417
0.5596558
0.5958044
0.36728612
-0.8813468
-1.9094131
-0.5702326
-0.25680828
-0.5658221
-0.48087335
-0.7758374
-0.19522238
-0.28564453
0.054106712
0.21747065
0.29280758
0.41769218
0.34083605
0.13396001
0.11989212
-0.25265193
-0.09489107
-0.11741567
0.5950129
0.43298745
0.27625227
0.33384013
-0.013242006
-0.17054605
1.3209808
0.50393534
-1.5768411
1.2233729
-0.12612915
0.18178082
0.36879683
0.2038486
-0.6792295
-0.12674093
0.89388084
0.13246107
0.00382638
-0.1738038
0.10691595
0.39991355
0.6934016
0.01970148
0.36708856
-0.2008307
-0.055582523
-0.31677055
-0.20755744
-0.26208973
0.33874583
0.27884555
-0.3059206
-0.2857542
0.2012701
1.0137846
0.9220438
-0.4802363
-0.1267848
0.009061575
0.3862164
0.5524018
-0.4043522
-0.39576674
0.069074154
0.08656716
-0.562541
-0.5957954
0.14250016
0.83247495
0.60300064
-0.5726781
0.2861755
-0.27536607
0.4106264
0.46769786
-0.6865957
-0.32964706
0.09976745
0.09949207
-0.594795
0.43570662
0.5390744
0.20104575
-0.21945572
-0.83597374
-0.3444414
0.5678525
0.31611633
0.20679855
-0.16145921
-0.25732183
0.5267153
-0.17564201
-0.8950372
-0.35120416
0.4748075
0.78361607
-0.2690699
-0.79189014
-0.09025383
0.714303
-0.9485965
-0.5104542
-0.1958456
0.8886385
-0.73314
0.30121827
0.3038745
0.56105494
0.39196277
-0.51842356
0.6043074
0.6595173
-0.48818636
-0.9633558
-0.69495344
0.20302582
-0.6457987
0.49181175
0.684844
0.7797322
1.3225772
2.7186465
0.002027512
-0.33496708
0.50383574
0.9177489
0.25525707
0.7077935
0.83134913
0.8895918
1.4232534
0.80311245
0.35974804
-1.3335378
-0.8905004
-0.82129204
-0.99176264
0.039951563
-0.31595707
-0.118213415
-0.1617868
-0.30744767
0.001442671
0.4035399
0.24049592
0.22601008
0.17219591
0.261302
0.25910378
-0.025690317
0.2066896
0.10896778
-0.36523843
-0.3041706
-0.09605265
0.10166502
0.63351154
0.75002766
0.739234
0.28737402
0.20722985
-0.585999
-0.015376568
-0.06060338
0.9504421
0.4315524
-1.0014446
0.89176893
-0.25358415
0.051269054
-0.57920647
-0.5839114
0.575057
0.5865426
0.5665121
0.29548478
-0.056998968
-0.17970204
0.43310046
0.89369607
0.009776115
-0.35280204
-0.90792465
0.08800936
0.051845074
-0.00596571
0.30938148
0.69637966
-0.40989232
0.6443348
0.4121096
0.051134348
0.5275409
-1.5729518
0.7829609
-0.46724653
0.3799219
-0.4578128
0.53876114
0.22719097
0.2303462
-0.11501694
0.17778587
0.1987412
0.4041822
-0.95432186
-0.004675865
0.22001505
-0.038009644
0.3419714
-0.20185995
0.13615274
0.22244167
-0.43985224
0.30703568
0.32645845
0.7228117
0.06643057
-1.1193905
-0.20641565
-0.30486965
0.48127365
-0.08263278
-0.5959387
0.5138769
0.5343442
0.13295245
0.21696377
-0.3881936
0.6877172
0.7644694
2.011064
1.2448348
0.3646903
7.40E-04
0.7075883
0.5288699
0.92322063
0.9565905
0.5747479
0.6842663
0.7092732
0.18682583
-1.4699547
-0.4924357
-0.6188098
-1.076582
-0.3019688
-0.44514084
0.09315848
-0.6439588
0.36450124
0.069806576
-0.15363526
0.29735923
-0.354347
0.31941056
-0.018617153
0.21997881
0.31450224
0.24505877
0.37884855
0.6957655
0.35323167
0.17535663
0.49908447
0.35447955
0.39232707
0.22843683
0.13398862
1.0157549
0.062214136
-0.6125004
0.5997956
0.045013666
0.031487226
0.4056549
0.0602715
0.21788955
-0.528533
0.097176075
-2.11E-04
0.107004166
0.093367815
-0.20240355
0.06527972
0.3449819
0.5750313
0.33375812
-0.0885582
0.09487367
-0.22644043
-0.027585745
0.28685117
0.11900282
-0.70102787
-0.66187096
0.069150686
0.507566
-0.40289974
-0.26423573
0.24336314
0.39965057
0.4653213
-0.15256381
-1.005482
0.2628007
0.005759478
-0.12892747
0.23907113
-0.060055494
-0.59763956
0.4331808
0.11914849
-0.21559787
0.34288263
0.44808793
0.52632976
-0.30335712
-0.22733307
0.88972235
0.67839885
-0.834841
-0.07554865
-0.18772626
0.44951272
-0.9676137
-0.08433485
0.7747135
0.2731142
0.3493688
-0.5124624
-0.8144605
0.58674407
-0.20821261
0.6838014
0.7130742
-1.1669998
0.45691633
-0.7385459
-0.17105794
0.23532295
0.40793204
0.28492427
0.063221216
-0.62730026
0.10481787
-0.40292192
-0.0056355
-0.09452963
-0.23235846
0.11214328
0.41013145
-0.20028639
-0.28563786
0.3204713
0.70047903
0.14829421
-0.5206387
-0.68220806
-0.8746295
0.4186387
-0.860919
-0.35643053
0.7265997
0.9883566
-1.437542
0.9384086
-0.36077738
-1.6314406
-0.33323145
1.3587668
-1.0217521
-1.633415
-0.62168217
0.21296549
2.115355
1.3457825
-0.45200396
0.7290087
-2.2281773
0.8841748
-1.4842801
2.4937444
-1.5552406
1.1131413
0.061448336
-1.9093523
3.466424
-0.69724894
0.7601752
-0.20061612
1.5098469
-1.4609559
-0.39912415
2.6286511
0.26861715
-1.6242213
0.44292784
0.14825988
-0.8020406
0.53223467
1.5680356
0.01399231
-0.33722258
0.51257634
-0.67318344
0.3163731
0.18372846
0.16972303
1.3527439
0.43570685
0.2874403
0.40913057
0.7524488
0.16963744
0.17023027
0.4768467
0.59039694
0.5122594
0.5367855
0.3597319
0.6311299
0.60427225
0.3742348
0.1154083
0.054893732
-0.24734911
-1.0508494
-1.5423809
-0.28355932
-0.20446277
-0.38508368
-0.004205942
-1.3941314
-0.51529074
0.13785481
-0.2634244
-0.10054922
0.09280658
0.026372433
0.83633256
0.6173394
-0.059689045
0.2509079
0.39103723
-0.06310296
-0.3538947
0.11169529
0.14421844
0.6767783
-0.24839854
0.056521177
-0.062290907
-0.60124135
0.108412266
0.59986424
0.6140208
0.2898898
-0.6564977
0.23728466
0.70941496
0.06948805
0.3571868
-0.21856904
-0.057714462
-0.43643308
-0.31543446
0.35822725
0.16686416
-0.33395314
-0.29982615
-0.015533686
-0.094560385
0.54069614
0.6049316
-0.08019853
0.3753929
0.7821543
0.2989967
-0.056764126
-1.1666625
-0.10580087
-0.5647979
-0.36044884
0.6570158
0.11935043
0.076375484
0.022465229
0.13461614
0.018508673
0.37461185
0.22297096
-0.04248619
0.19458652
-0.78423214
0.2148118
0.08919859
0.40669298
-0.51627254
-0.06384325
-0.2672882
-0.13944244
0.21836329
0.10581589
0.088344574
0.31969595
0.34906173
0.06986451
0.027811766
-0.028122425
-0.12901068
0.054961443
0.026587486
0.14207172
0.02085948
-0.043685675
0.11100507
-0.20764041
-0.1398046
-0.47236633
-0.030858517
0.0690279
0.043210506
-0.046440125
-0.12049055
-0.23875189
0.2191186
-0.22111845
-0.12192917
0.023448467
0.063280106
0.21344948
-0.07801008
-0.079880714
0.14369678
0.3657446
0.28864145
-0.2333312
0.50810146
0.18539023
-0.31195045
-0.1837213
-0.21963358
-0.09790206
0.031622887
-0.11103058
0.058832407
-0.32055926
-0.41147804
0.031205177
-0.37308598
0.021691322
-0.2930827
0.11081028
-0.03092289
0.0962162
0.041287422
0.07074022
0.045184135
-0.02786541
0.06892347
0.03208828
-0.020737648
-0.05899048
-0.09785128
-0.09005785
-0.04894209
0.016459942
-0.106096745
-0.025517464
-0.057621956
-0.022105694
0.054846764
0.020611763
0.019528389
-0.06983042
-0.029331207
0.07152128
-0.07906103
0.15187454
-0.07408762
-0.051003456
-0.13851547
-0.07335663
-0.022412777
-0.11698675
-0.37945127
0.07825422
0.40409088
0.15260553
0.45578432
-0.23356009
-0.2394228
-0.06570816
0.34056425
1.1939688
0.31713176
0.32878375
0.32968712
0.03921151
-0.027506828
-0.24428487
-0.2644682
-0.206496
-0.08079028
-0.116200924
-0.49531364
-0.036075115
-0.07357168
-0.36771345
-0.680614
0.2703228
-0.007658482
-0.32905865
-0.08748245
0.1278863
0.5463338
0.17087412
-0.049737453
-0.038286686
-0.15727615
0.017783642
0.05684662
0.0715332
0.04990101
0.010194302
0.06760979
-0.3130474
-0.23407984
0.40781116
0.1128788
0.5556741
0.527977
-0.4021392
0.10300827
0.17231274
0.08715773
0.10965943
-0.37894773
-0.3650136
-0.56325054
-0.7804971
-0.30582333
0.031041145
0.97288895
-0.2917223
-0.88005495
0.22763348
0.20525217
-0.32030392
-0.20581579
-0.14534712
0.4110465
0.5273526
0.62874913
-0.8998096
0.15269613
-0.4046409
-0.19091535
0.050549746
-0.107794285
0.2111013
0.16347265
-0.2371993
0.10283232
0.013059139
-0.078532696
-0.04045677
-0.47807217
-0.30806875
0.94042015
0.52732944
0.023611069
0.2896235
0.8726485
-0.41130424
-0.12964153
-0.34768438
-0.4254806
-0.14406013
0.1783762
0.17216754
-0.20625353
-0.6808238
-0.62166786
0.18712759
-0.4223361
-0.7047105
-0.5940318
0.113360405
-0.2329526
0.63449335
-0.2820115
0.7154598
-0.068590164
-0.31292725
-0.165164
-0.27943897
0.26102448
0.18236017
-0.13595009
-0.14461565
-0.3838396
-0.14236641
0.6166606
0.25856543
2.5426674
0.39639282
-0.13144445
0.40542603
0.3000512
-0.03445053
0.34250546
-0.23967552
-0.123672485
-0.25235128
-0.05310154
0.32203197
0.83958864
-0.6842544
-0.29285192
-1.6344647
-1.8824401
2.8563614
-2.1405087
0.14815187
-1.3502898
0.19984531
-0.41323566
-1.132452
0.15575314
-0.37265253
-0.24528551
0.42151213
-0.49668837
-0.9535055
0.4061513
-1.251894
0.7650986
-0.6560612
-1.2799339
0.6359453
0.79090214
0.45343208
0.47264576
0.074915886
-1.7162199
0.2286315
0.31601954
0.17343092
0.34393024
1.2172027
0.20163894
-1.0225401
-0.8716221
0.07912493
-1.6415696
-2.018446
-0.45111227
-1.1426802
0.93216705
0.8039098
0.31733012
-0.42564785
2.2987015
-2.244433
-0.10066509
-2.1934817
-0.5569446
0.6632532
0.612726
0.45721972
0.16745794
-0.73104644
0.2993064
0.95896006
0.17159379
-0.13230658
-0.7254232
-0.7185323
-0.54651046
-0.39559412
-1.1782792
-0.32270288
0.40435958
-0.6297753
-0.96782637
-0.9029708
1.1752243
0.72644377
1.8080785
-0.18351793
-0.29060793
-0.4101827
-0.44235682
-0.5997374
-0.54251003
-0.30222678
-0.41772056
-0.34436488
-0.2085526
0.07976413
-0.17797208
-0.369884
0.58269787
0.21573257
-0.31046557
-0.14943433
-0.8155911
-0.9940102
-0.8911195
-0.97679687
-1.1791978
0.55702066
-0.22269201
-0.029367924
2.0256293
1.0895393
0.07617092
-0.21637297
0.19274521
-0.30878234
-1.2285106
-0.47395134
-1.1570091
-0.4307456
-0.25039244
0.47570276
-0.85699534
2.6184728
1.3256137
1.2611394
-0.45086694
-1.3676535
-0.28630424
-1.0479143
-1.3766229
-1.7698121
-1.3102403
1.2047462
0.12414646
0.37975025
0.6896548
0.9368601
1.3127308
1.2852142
-0.41846085
-0.882401
-1.1380224
-0.87000227
-0.7826905
-0.17178941
0.090527534
0.73409605
0.45037627
-0.1534524
0.00686264
-0.0749917
-0.26883388
-0.028504848
-0.04399705
0.25883722
0.23238397
-0.33859777
-0.1952014
-0.01633954
0.7949772
1.4435976
0.8708947
-0.042980015
0.44946468
-0.48329398
-0.08268343
-0.7541939
0.09971419
-0.8863877
-1.5357575
-1.344268
-1.5821295
-2.860217
-1.8535972
1.0088344
0.6820822
-0.25782824
0.65040755
3.371592
0.3619429
0.3328563
-1.1850353
-2.3366518
0.17027688
2.3184521
-1.2535093
-2.0044146
-2.1042483
-1.5776229
-1.9173286
-0.55524564
-0.75045633
-0.24279213
0.19546556
0.84815884
0.6961627
0.9171424
0.35570145
0.94853115
1.798357
0.48433304
1.8872821
-0.120326996
-1.4241098
-1.2514182
-1.6378247
-0.8530674
0.6152735
4.241866
-0.9579571
-2.155717
-0.6474098
-0.9152881
-0.7027085
-0.84068584
-0.65152836
-1.7918129
-0.86462736
1.1822147
-0.83721685
0.12913609
0.34806633
-0.59499884
-0.030599594
-1.1080232
-0.49077225
-0.85326576
0.1000309
-0.4584322
0.14909458
-0.7140093
-0.6310835
1.5456638
1.8306222
1.6799998
1.0293989
1.0966516
0.2644391
-0.7065582
0.7842827
-0.42307234
-1.477613
0.360394
-0.19733381
-0.80381966
-0.24513912
0.6991191
0.6053543
0.6016536
0.508687
-0.84780693
-0.43077183
0.5636692
-0.117581844
0.4903617
-0.66206026
0.111913204
0.006305218
0.84644127
-0.025804043
0.29701328
0.5002136
0.5144186
0.19369888
0.54686356
0.18545198
-1.4943247
0.25953436
0.72691584
1.5355997
-0.67814183
0.44412708
-0.80608296
-1.1632152
0.22522306
1.4720185
0.56496024
-1.2749493
-0.19046664
0.009616852
0.36219716
0.20572472
-1.0601952
-1.9654884
0.30362368
0.23911381
0.317379
0.25079823
0.25934267
0.60662293
-0.6696892
0.8810475
0.24784052
-0.79683995
-0.93861294
-0.37457395
-0.35206556
-0.1721654
-0.030543327
0.31230807
-0.23348165
-0.31661272
0.57209325
0.026899576
0.003656626
0.83807003
-1.1647652
-1.2079241
0.9380982
-0.54044557
-0.009382725
0.017396212
0.23328614
0.18889976
-0.009246349
-0.045121193
-0.16446972
0.23883486
-0.52097535
0.929286
-0.60573244
-0.23453307
-1.0957425
0.63131404
0.0640285
0.2548244
-0.23180747
0.04721403
-0.021845102
0.026976347
1.1461949
-1.887856
-0.5585983
-0.9289074
-0.028622627
-0.14744473
0.06763601
0.02369833
-0.13046265
-0.19079065
-0.069214344
-0.17324448
-0.037518978
-0.10822868
0.038566113
-0.24635983
0.027772427
-0.08323383
-0.053518772
0.11391401
-0.11087704
0.13393354
-0.3182664
-0.18910885
-0.3178897
0.018278599
-0.007330895
-0.85837126
0.37835503
-0.13379097
-1.2795329
0.42797518
-0.12871742
1.2889194
-0.07276487
-0.5649357
-0.5411658
0.010938644
-0.24166632
-0.05749321
-0.58047533
-0.46599007
-0.35333014
-0.41587543
-0.2594018
-0.17659044
0.42303848
0.182343
0.10281229
0.27858067
0.2503519
0.12518072
0.027220726
-0.13375807
-0.09283686
0.09680414
0.21804428
0
-0.0669446
-0.11022234
0.12016773
0.14759064
-0.050831795
0.3658538
0.622653
-0.45966053
0.16449308
0.6216686
-0.022566557
-0.18103838
-0.5753937
-0.098734856
-0.33472443
-0.58646584
-0.2859342
0.21852851
-0.3086195
-0.9704795
-0.021709919
-0.2779789
0.32456636
0.25420237
-0.11959314
0.073103905
-0.10347891
0.34439993
0.46732712
0.43668222
0.11980009
-0.14763212
-0.14589548
0.5769968
0.24351239
-0.2593131
0.2125535
0.072178125
-0.16493845
0.06551337
0.022425413
-0.23485231
-0.23368883
-0.16272879
-0.42416382
-0.17644382
0.22059894
0.19279552
-0.0672667
-0.3003037
-0.13534069
-0.2830932
0.04383707
0.23973846
-1.3733406
0.005989552
-0.32324505
0.106245995
-1.1184497
-0.30024576
0.0847764
0.59235907
-0.19332743
-0.003159523
-0.7262831
0.44455433
0.12664461
0.36312437
0.06119156
-0.36642456
0.25137615
-0.04152012
-0.052532196
-0.3012271
-0.1996131
0.03423214
0.27698278
0.31571913
0.965292
1.0637922
0.84634876
0.44983196
-0.26025486
-0.090605736
-0.06318998
0.049392223
0.47768545
0.25613165
-0.1702292
-0.04701352
-0.37296963
-0.03922081
-0.33199787
-0.12373352
0.34835434
-0.051083565
0.024602413
0.06428957
0.87500024
-0.06527686
-0.28223276
-0.14057064
-0.076981306
-0.7669318
-0.670387
0.75782037
-0.94158506
0.8313844
-0.32511353
-0.38450456
0.109339714
0.48860335
-0.8715215
0.5374603
-0.20750308
-0.12030721
0.8986721
0.27895737
-1.2049954
-0.42174792
0.009324789
-0.141325
0.16712976
0.24276042
-0.13158584
0.26770282
0.09755802
0.26092577
-0.14251757
-0.008503437
0.005965471
-0.07687378
0.12833714
-0.19841027
0.29519272
-0.2564304
-0.010167599
0.14588284
0.05806899
0.028659582
0.032254934
0.070126295
-0.32349706
-0.05472088
-0.5924635
-0.5166702
0.14503407
0.3030691
-0.11608696
0.09393406
0.2721759
0.23687947
0.27229333
-0.43202043
-0.47075534
-0.047094584
-9.05E-04
-0.062215567
0.110966206
-0.19518065
-0.07640529
-0.29725647
3.3874447
-0.87990624
0.13978046
-0.59309965
-0.2191801
-1.0112456
0.11434853
0.4350698
-0.48893476
-0.41610646
0.09586072
-0.1419363
-0.5763762
-0.18697834
-0.041152
-0.2065804
-0.007617474
0.18263412
-0.3082142
0.08351612
0.01315999
-0.1500864
-0.36712432
-0.19575596
-0.28004742
0.2912879
0.5784538
-0.6451001
-1.0964174
0.22672844
0.36283255
0.3748541
0.11242747
1.9568541
1.2276013
0.5305772
-0.29352415
-0.50612473
-0.10245299
0.34259796
0.57273006
0.55147815
0.56987536
-0.21057045
-0.19172835
-0.26223564
-0.08270693
-0.30072188
-0.2551725
-0.13627672
0.2601502
0.6064608
0.2847743
2.0445719
-2.3819642
-0.3963368
1.080698
0.35783505
0.53779674
0.6287464
-2.007544
0.43783975
1.0725447
0.14931273
-0.185184
-0.25733674
-0.010439396
-0.23249912
-0.32484078
-0.14368391
-0.42909503
0.005683422
0.056048155
0.04731798
-0.021871328
0.33959818
0.08514881
0.48460245
-0.1436733
-0.42117
-0.29856634
-0.004755259
0.057294488
-0.5804286
-0.7236588
-0.029578447
-0.084477186
-0.32203257
0.08064699
0.3085066
0.047175884
-0.5429411
-0.010022521
-0.23046923
-0.8698883
-0.45180273
-0.19905353
0.23807788
0.0549109
-0.08583593
-0.009016514
-0.2245264
-0.35774803
-0.3560922
-0.23332977
-0.110461235
-0.1652646
-0.037635326
0.1014142
0.07286835
0.041561604
0.1027956
0.113352776
0.49414515
0.080952644
0.14297748
0.2877791
0.6922314
0.24846101
-0.193259
0.016293764
-0.26714206
-0.34811807
-0.118131876
0.002489328
-0.054501534
0.015389919
0.02341938
-0.32453108
-0.19519353
-0.10845542
-0.1541202
0.67530966
0.46017826
-0.24979067
-0.432065
-0.365561
0.073428154
-0.2819829
0.0959506
0.23881674
-1.0809752
0.06334543
-0.6872177
-0.24253869
-0.2867639
0.15643191
0.055758953
0.029139519
0.07334447
-0.8479178
-0.05017829
-0.23172188
0.16583014
0.12844825
0.038612366
-0.020300627
-0.030830622
-0.19313669
-0.514344
-0.10644984
0.72976565
-0.8526833
0.006887436
0.036499023
0.07490802
-0.8933959
0.42832446
0.23038316
-0.07317948
-0.07341623
0.21174335
0.13264585
0.23090363
0.13623166
-0.009194613
0.2033341
0.38598084
0.09965265
-0.22164416
0.46403015
-0.29490852
0.44323874
-0.008702517
-0.9588367
-0.31204355
-0.20395458
0.19535983
-0.40129232
-0.41468644
0.35630107
0.31573677
-0.018079042
-0.18887663
-0.055798054
0.230582
0.33557558
-0.08730435
-0.6646757
-0.55750513
-0.03259468
0.05038762
-0.21971536
0.0747633
0.7611058
-0.48563528
0.05169511
-0.36669135
-0.6342833
0.14264655
0.916548
-0.66330385
0.54963255
-0.58505464
0.8985529
-0.15648508
-0.3928733
0.034588337
-0.3456545
-0.081907034
-0.20251584
0.39283288
-0.36211193
-0.07139993
-0.016731977
0.20101178
0.22976875
0.3925848
-0.1995666
-0.34469575
0.35514343
-0.008456469
-0.6845444
-0.9904274
-0.5805403
-0.36156487
-0.107183695
-0.035495996
0.20791638
0.003883362
-0.029148817
0.19898772
0.4179983
-0.23855078
-0.08025038
0.68867064
0.8381697
0.25500187
0.036383867
0.13512947
-0.20557888
-0.62658036
-0.39761627
-0.23644495
-0.20477712
-0.57321286
-0.14637947
-0.16137934
-0.53396344
0.13538647
0.15738297
-0.6320405
0.44793558
-0.31828833
-0.27336192
2.72E-04
0.80426323
-0.10552478
0.22585225
0.25609982
-0.37011266
0.04081106
-0.35482025
-0.53337145
-0.084747076
0.007279635
-0.21693206
0.028724194
0.2888211
-0.003024459
0.30401373
-0.08241844
0.019690156
0.23488986
-0.5718765
-0.11244488
-0.14739966
-0.011581898
0.5068635
-0.035977125
0.39324987
-0.8295281
0.4828341
-0.19522631
-0.24407423
-0.51071906
0.59745693
0.24261951
-0.11019206
0.1748321
0.21617782
0.4201089
0.13823831
0.25481004
0.27214313
-0.20381176
0.31243044
0.20085883
-0.030010134
0.041073784
0.078156725
0.16154583
0.14239085
0.10380229
-0.019654639
0.013269521
0.04061687
0.10936558
0.24726605
-0.076256275
0.27807716
0.21753323
0.46447933
0.15541065
0.1544596
0.04066372
-0.07104075
-0.09358227
-0.20314789
-0.41301668
-0.46609592
-0.075839564
0.10028526
0.109713316
0.6360901
0.21195468
0.16455355
-0.6761987
1.1741322
-0.0159958
0.18160266
0.029575348
0.26394683
-0.052006513
0.020568743
0.24604733
0.13647771
-0.14762825
0.097197145
0.1304755
-0.09918833
0.029997349
0.34268636
0.7515178
0.44733858
0.3412915
1.126701
0.18981916
0.052057654
0.33971626
0.031462036
0.2903441
0.29049483
0.3523671
-0.028652608
0.58836615
0.6661189
0.52308357
-0.2131486
0.100939184
-0.006909043
0.46376795
-0.22386831
-0.094316274
0.16317546
0.039158702
0.13942748
0.14958325
-0.08113712
-0.16250998
1.3276258
0.38217238
0.2090948
-0.37544513
-0.41260767
-0.043223083
0.31639647
0.25757524
-0.32137147
-0.2273984
-0.13678437
-0.06410897
-0.19580507
0.391703
0.02090776
-0.27676916
0.18479669
0.4141816
0.31147015
-0.114955425
-0.5070176
-0.16606998
0.25597882
0.58030176
-0.1493355
0.9132328
-0.18709904
-0.39446884
-0.36143267
-0.42860997
7.39E-04
0.07632065
-0.32724428
-0.060098052
0.223732
-0.10055053
0.70900357
0.2112453
-0.18556643
-0.17776585
0.22411168
-0.38560116
0.04344952
-0.2607807
-0.3076278
-0.2100004
0.41816056
0.052965283
-0.033824086
0.051322103
-0.17887247
0.009618163
0.14859164
0.118700385
0.3482648
0.36410213
0.5523789
-0.037599653
0.060115635
0.03545007
-0.25825763
-0.49036568
-0.28424263
-0.1538049
-0.052483678
0.13519645
0.03926313
-0.013419986
0.003713012
-0.03669226
0.019642115
-0.017939568
-0.08124876
-0.19717884
-0.08312607
0.17698312
0.13683748
0.062399387
0.24576306
0.11965752
0.017687082
0.10774791
0.24353862
-0.12038112
-0.009277105
0.20394206
-0.119745016
-0.2678244
-0.17197454
-0.052537203
-0.23662472
-0.15589666
-0.30409932
-0.032522917
0.023535252
-0.007663012
-0.06819177
0.100776434
0.041753054
0.091116905
-0.055909872
0.07604098
0.11045599
1.0434502
0.38444072
1.0319265
-0.40998197
0.3894475
0.26490724
-0.95645565
-0.49510068
0.22770435
0.24473792
0.1097011
0.2202903
-0.4959017
-0.62511814
-0.3262146
-0.09442425
-0.49497768
-0.34247747
-0.32418743
-0.62102294
-0.10551143
-0.035532355
-0.21104276
0.5030147
0.1105082
0.2560686
-0.6712606
-0.1285913
-0.9462992
-0.568485
-0.19549024
0.34405088
0.7513643
-0.84037626
-0.09189558
0.30115473
-0.4448167
-0.402637
-0.72478557
-1.4134259
1.3435433
1.427782
-1.4806938
1.5172011
-0.12613392
-0.43109298
-0.19619322
-0.4732833
1.1170633
-0.38858175
-0.27342343
0.9138782
0.80642986
0.7575255
-0.47398898
1.0378157
0.96311116
-0.3848554
0.20658886
-0.036521435
0.8001578
0.3468206
-0.3577143
-0.516224
-2.0548842
-0.088193536
0.36021
-0.24685082
-0.33599582
-0.49388504
-0.34032702
-0.7138696
-1.9799571
-0.14968157
1.5568819
-1.896306
0.31150198
-0.1966691
0.41452026
-0.17894697
1.1700416
-0.7569814
-0.828413
0.55620813
0.69488096
0.20838547
-2.3147674
-1.3983302
-1.0835462
1.8996882
0.30506706
-0.724628
0.37333155
0.050148964
0.17113209
0.43408632
1.2512999
-0.8728123
-0.83068657
-1.4902587
-0.37975025
-0.9922795
-1.0347066
-0.66050816
-1.1662774
0.092508316
0.71898365
1.4249663
1.146133
2.0279636
1.3258228
-0.6196492
-0.7092575
-0.9018128
0.23407817
0.0347687
-0.15502417
-0.7369349
-0.020327091
-0.0081532
-0.14410543
0.10140431
-0.033869624
-0.20345998
0.44582832
-0.9740056
-0.4714291
-0.3191706
-1.0331495
-0.97810173
-1.1778946
-1.0113959
1.6154714
-0.49008512
-0.30544233
-0.9989333
-0.48708963
1.402503
0.7592492
-0.73463964
0.3589964
0.4173193
0.62821865
-0.97949123
1.0207481
-1.2940102
-1.5677218
-1.6223769
-1.6195669
-0.043927193
2.4660063
2.99868
1.2513375
-0.46390915
-0.59795237
-1.1371932
-1.6133275
-0.39688778
0.47935534
2.071642
2.95039
2.1978314
-0.2153523
-0.6229551
-0.858073
1.2467158
-0.6488628
-2.4599884
2.3713
0.5888047
-0.39782584
-1.1504236
-0.2205652
-0.75875443
-1.0959777
-2.9382439
-3.2044048
0.89765835
2.51241
0.9743933
0.38539064
-0.103054956
-0.3741247
-0.567489
1.4287252
0.65539
-1.522106
0.23815572
2.660647
-2.162779
-0.27228177
0.25885308
0.67089045
-0.07924795
0.36854982
0.5815697
1.7534246
1.3165562
-0.6062381
0.46051955
0.5569248
0.53926826
0.5984137
-0.20201421
-0.6301737
-0.010439873
0.17838955
-0.24184728
-0.56952834
0.27312762
-0.40104824
-0.32851422
-0.33772814
1.2250688
-0.11037758
-1.0425016
-0.67271084
-0.81867903
-0.55873156
-0.56736565
-0.4496534
-0.006593227
0.6251602
0.5858536
0.48511016
0.4918934
-0.26584053
-0.29226124
-0.22412467
0.32376635
0.5849433
0.21705472
0.08133423
-0.16430128
0.32597315
0.013262033
0.3398757
0.84853864
-0.32986307
-0.63942575
0.26047635
0.32031083
0.7320193
0.33099508
-0.14298284
-0.5978949
0.1687187
-0.23812461
-0.15885282
-0.030258656
0.02279234
0.06367397
0.38558888
-0.01361084
-0.20554829
-0.31134534
-0.033667803
0.3159449
0.2547443
0.22032082
0.09478986
-0.33962202
-0.33264136
0.22852898
-0.068312645
-0.002335787
0.4067235
0.2929932
0.07489288
-0.02683115
-0.015378714
-0.121798396
0.275365
-0.3352704
0.3357768
-0.56173277
-1.3444791
-0.68415165
0.18558788
-0.9409051
-0.083717346
-0.036234856
-1.1381469
0.3515935
0.9955869
-0.99379444
0.6974602
0.6720762
0.38025856
-0.1355915
0.03332758
0.18324327
-0.29783297
-0.15363121
-1.5641022
0.111935616
0.019404411
0.11582708
-0.15236664
-0.02671194
-0.17155027
-0.38734674
0.58692074