1604750998.434
1604750998.437
1604750998.441
1604750998.445
1604750998.449
1604750998.452
1604750998.456
1604750998.460
1604750998.464
1604750998.468
1604750998.472
1604750998.475
1604750999.666
1604750999.670
1604750999.674
1604750999.678
1604750999.682
1604750999.686
1604750999.690
1604750999.694
1604750999.697
1604750999.702
1604750999.706
1604750999.709
1604750999.713
1604750999.716
1604750999.720
1604750999.723
1604750999.727
1604750999.732
1604750999.736
1604750999.740
1604750999.744
1604750999.748
1604750999.752
1604750999.755
1604750999.759
1604750999.763
1604750999.767
1604750999.770
1604750999.774
1604750999.778
1604750999.782
1604750999.786
1604750999.789
1604750999.793
1604750999.797
1604750999.801
1604750999.805
1604750999.809
1604750999.813
1604750999.817
1604750999.820
1604750999.824
1604750999.828
1604750999.832
1604750999.836
1604750999.839
1604750999.843
1604750999.847
1604750999.851
1604750999.855
1604750999.858
1604750999.862
1604750999.866
1604750999.870
1604750999.874
1604750999.878
1604750999.882
1604750999.883
1604750999.885
1604750999.887
1604750999.890
1604750999.892
1604750999.894
1604750999.896
1604750999.898
1604750999.900
1604750999.903
1604750999.905
1604750999.907
1604750999.909
1604750999.911
1604750999.914
1604750999.916
1604750999.918
1604750999.923
1604750999.925
1604750999.926
1604750999.929
1604750999.932
1604750999.934
1604750999.936
1604750999.938
1604750999.940
1604750999.942
1604750999.943
1604750999.944
1604750999.945
1604750999.946
1604750999.947
1604750999.948
1604750999.949
1604750999.950
1604750999.951
1604750999.953
1604750999.954
1604750999.955
1604750999.956
1604750999.958
1604750999.959
1604750999.960
1604750999.962
1604750999.963
1604750999.964
1604750999.966
1604750999.967
1604750999.969
1604750999.970
1604750999.971
1604750999.973
1604750999.974
1604750999.975
1604750999.977
1604750999.978
1604750999.979
1604750999.981
1604750999.982
1604750999.984
1604750999.985
1604750999.986
1604750999.988
1604750999.989
1604750999.991
1604750999.992
1604750999.994
1604750999.996
1604750999.998
1604751000.000
1604751000.002
1604751000.004
1604751000.006
1604751000.008
1604751000.009
1604751000.012
1604751000.014
1604751000.016
1604751000.017
1604751000.019
1604751000.021
1604751000.023
1604751000.026
1604751000.028
1604751000.030
1604751000.032
1604751000.034
1604751000.036
1604751000.038
1604751000.040
1604751000.042
1604751000.045
1604751000.048
1604751000.050
1604751000.053
1604751000.056
1604751000.058
1604751000.061
1604751000.064
1604751000.067
1604751000.069
1604751000.072
1604751000.075
1604751000.077
1604751000.080
1604751000.083
1604751000.086
1604751000.089
1604751000.091
1604751000.094
1604751000.097
1604751000.099
1604751000.102
1604751000.105
1604751000.108
1604751000.111
1604751000.114
1604751000.118
1604751000.121
1604751000.124
1604751000.127
1604751000.130
1604751000.132
1604751000.134
1604751000.136
1604751000.138
1604751000.140
1604751000.142
1604751000.144
1604751000.146
1604751000.148
1604751000.150
1604751000.151
1604751000.152
1604751000.154
1604751000.155
1604751000.156
1604751000.157
1604751000.158
1604751000.160
1604751000.161
1604751000.162
1604751000.164
1604751000.166
1604751000.167
1604751000.172
1604751000.174
1604751000.175
1604751000.177
1604751023.051
1604751023.055
1604751023.059
1604751023.063
1604751023.066
1604751023.070
1604751023.074
1604751023.078
1604751023.082
1604751023.086
1604751023.090
1604751023.093
1604751023.097
1604751023.101
1604751023.105
1604751023.109
1604751023.113
1604751023.116
1604751023.121
1604751023.124
1604751023.128
1604751023.132
1604751023.135
1604751023.139
1604751023.143
1604751023.147
1604751023.151
1604751023.154
1604751023.158
1604751023.162
1604751023.166
1604751023.170
1604751023.173
1604751023.177
1604751023.181
1604751023.185
1604751023.189
1604751023.193
1604751023.196
1604751023.200
1604751023.204
1604751023.208
1604751023.212
1604751023.215
1604751023.220
1604751023.223
1604751023.227
1604751023.231
1604751023.235
1604751023.239
1604751023.242
1604751023.246
1604751023.250
1604751023.254
1604751023.258
1604751023.262
1604751023.265
1604751023.269
1604751023.273
1604751023.277
1604751023.281
1604751023.285
1604751023.288
1604751023.292
1604751023.296
1604751023.300
1604751023.305
1604751023.309
1604751023.313
1604751023.317
1604751023.321
1604751023.325
1604751023.330
1604751023.334
1604751023.338
1604751023.342
1604751023.350
1604751023.354
1604751023.358
1604751023.362
1604751023.365
1604751023.369
1604751023.373
1604751023.377
1604751023.381
1604751023.385
1604751023.388
1604751023.392
1604751023.396
1604751023.400
1604751023.404
1604751023.407
1604751023.411
1604751023.415
1604751023.419
1604751023.422
1604751023.426
1604751023.430
1604751023.434
1604751023.442
1604751023.446
1604751023.450
1604751023.461
1604751023.465
1604751023.495
1604751023.497
1604751023.506
1604751023.510
1604751023.512
1604751023.514
1604751023.517
1604751023.522
1604751023.524
1604751023.526
1604751023.532
1604751023.535
1604751023.539
1604751023.544
1604751023.552
1604751023.555
1604751023.557
1604751023.559
1604751023.564
1604751023.574
1604751023.576
1604751023.579
1604751023.580
1604751023.583
1604751023.585
1604751023.587
1604751023.588
1604751023.589
1604751023.591
1604751023.592
1604751023.593
1604751023.594
1604751023.596
1604751023.597
1604751023.599
1604751023.600
1604751023.602
1604751023.603
1604751023.604
1604751023.606
1604751023.608
1604751023.609
1604751023.611
1604751023.612
1604751023.614
1604751023.616
1604751023.617
1604751023.619
1604751023.620
1604751023.621
1604751023.622
1604751023.624
1604751023.625
1604751023.627
1604751023.628
1604751023.629
1604751023.631
1604751023.631
1604751023.633
1604751023.634
1604751023.635
1604751023.637
1604751023.639
1604751023.641
1604751023.642
1604751023.643
1604751023.645
1604751023.646
1604751023.647
1604751023.648
1604751023.649
1604751023.650
1604751023.651
1604751023.652
1604751023.654
1604751023.655
1604751023.656
1604751023.657
1604751023.658
1604751023.660
1604751023.662
1604751023.663
1604751023.665
1604751023.667
1604751023.669
1604751023.670
1604751023.671
1604751023.671
1604751023.672
1604751023.673
1604751023.674
1604751023.674
1604751023.675
1604751023.676
1604751023.677
1604751023.678
1604751023.678
1604751023.679
1604751023.680
1604751023.681
1604751023.682
1604751023.683
1604751023.683
1604751023.684
1604751023.686
1604751023.687
1604751023.688
1604751023.689
1604751023.690
1604751023.690
1604751023.691
1604751023.692
1604751023.693
1604751023.694
1604751023.695
1604751023.696
1604751023.696
1604751023.697
1604751023.698
1604751023.699
1604751023.701
1604751023.705
1604751023.706
1604751023.708
1604751023.710
1604751023.711
1604751023.713
1604751023.714
1604751023.716
1604751023.717
1604751023.719
1604751023.720
1604751023.721
1604751023.722
1604751023.724
1604751023.725
1604751023.727
1604751023.729
1604751023.730
1604751023.731
1604751023.732
1604751023.736
1604751023.737
1604751023.739
1604751023.740
1604751023.742
1604751023.743
1604751023.744
1604751023.745
1604751023.746
1604751023.747
1604751023.748
1604751023.748
1604751023.749
1604751023.751
1604751023.752
1604751023.753
1604751023.755
1604751023.756
1604751023.758
1604751023.759
1604751023.919
1604751023.920
1604751023.922
1604751023.924
1604751023.926
1604751024.153
1604751024.155
1604751024.158
1604751024.159
1604751024.161
1604751024.163
1604751024.164
1604751024.167
1604751024.169
1604751024.173
1604751024.175
1604751024.177
1604751024.194
1604751024.198
1604751024.199
1604751024.201
1604751024.202
1604751024.203
1604751024.208
1604751024.210
1604751024.211
1604751024.215
1604751024.218
1604751024.225
1604751024.227
1604751024.232
1604751024.233
1604751024.234
1604751024.235
1604751024.244
1604751024.245
1604751024.247
1604751024.248
1604751024.249
1604751024.250
1604751024.251
1604751024.255
1604751024.258
1604751024.263
1604751024.264
1604751024.266
1604751024.267
1604751024.268
1604751024.270
1604751024.283
1604751024.310
1604751024.311
1604751024.323
1604751024.324
1604751024.330
1604751024.332
1604751024.338
1604751024.365
1604751024.383
1604751024.391
1604751024.392
1604751024.394
1604751024.397
1604751024.400
1604751024.409
1604751024.412
1604751024.414
1604751024.415
1604751024.416
1604751024.428
1604751024.437
1604751024.439
1604751024.440
1604751024.443
1604751024.444
1604751024.446
1604751024.454
1604751024.455
1604751024.458
1604751024.459
1604751024.460
1604751024.461
1604751024.463
1604751024.465
1604751024.467
1604751024.471
1604751024.473
1604751024.477
1604751024.479
1604751024.480
1604751024.481
1604751024.483
1604751024.484
1604751024.486
1604751024.487
1604751024.489
1604751024.492
1604751024.493
1604751024.495
1604751024.496
1604751024.497
1604751024.499
1604751024.500
1604751024.502
1604751024.503
1604751024.505
1604751024.508
1604751024.509
1604751024.511
1604751024.513
1604751024.515
1604751024.517
1604751024.518
1604751024.520
1604751024.521
1604751024.523
1604751024.524
1604751024.527
1604751024.528
1604751024.530
1604751024.531
1604751024.532
1604751024.534
1604751024.535
1604751024.536
1604751024.538
1604751024.539
1604751024.540
1604751024.542
1604751024.544
1604751024.545
1604751024.546
1604751024.548
1604751024.549
1604751024.550
1604751024.551
1604751024.553
1604751024.554
1604751024.555
1604751024.557
1604751024.558
1604751024.560
1604751024.562
1604751024.563
1604751024.564
1604751024.566
1604751024.567
1604751024.569
1604751024.570
1604751024.571
1604751024.573
1604751024.576
1604751024.577
1604751024.579
1604751024.580
1604751024.581
1604751024.583
1604751024.584
1604751024.585
1604751024.587
1604751024.588
1604751024.592
1604751024.595
1604751024.596
1604751024.598
1604751024.599
1604751024.600
1604751024.602
1604751024.603
1604751024.605
1604751024.606
1604751024.607
1604751024.609
1604751024.610
1604751024.612
1604751024.613
1604751024.614
1604751024.616
1604751024.617
1604751024.619
1604751024.619
1604751024.620
1604751024.621
1604751024.622
1604751024.623
1604751024.625
1604751024.627
1604751024.627
1604751024.631
1604751024.632
1604751024.633
1604751024.633
1604751024.634
1604751024.635
1604751024.636
1604751024.637
1604751024.638
1604751024.639
1604751024.640
1604751024.641
1604751024.643
1604751024.644
1604751024.645
1604751024.646
1604751024.647
1604751024.647
1604751024.648
1604751024.649
1604751024.651
1604751024.652
1604751024.654
1604751024.655
1604751024.656
1604751024.659
1604751024.660
1604751024.661
1604751024.662
1604751024.663
1604751024.664
1604751024.665
1604751024.667
1604751024.668
1604751024.668
1604751024.670
1604751024.671
1604751024.672
1604751024.673
1604751024.676
1604751024.678
1604751024.679
1604751024.681
1604751024.682
1604751024.683
1604751024.684
1604751024.685
1604751024.686
1604751024.687
1604751024.688
1604751024.689
1604751024.690
1604751024.692
1604751024.694
1604751024.695
1604751024.697
1604751024.698
1604751024.699
1604751024.700
1604751024.701
1604751024.702
1604751024.703
1604751024.704
1604751024.705
1604751024.707
1604751024.709
1604751024.711
1604751024.713
1604751024.715
1604751024.716
1604751024.717
1604751024.721
1604751024.722
1604751024.723
1604751024.724
1604751024.726
1604751024.727
1604751024.728
1604751024.729
1604751024.730
1604751024.731
1604751024.732
1604751024.733
1604751024.734
1604751024.735
1604751024.735
1604751024.736
1604751024.737
1604751024.738
1604751024.739
1604751024.740
1604751024.740
1604751024.741
1604751024.742
1604751024.743
1604751024.744
1604751024.745
1604751024.745
1604751024.746
1604751024.747
1604751024.748
1604751024.748
1604751024.749
1604751024.750
1604751024.751
1604751024.751
1604751024.752
1604751024.753
1604751024.754
1604751024.754
1604751024.755
1604751024.756
1604751024.756
1604751024.757
1604751024.758
1604751024.759
1604751024.760
1604751024.761
1604751024.762
1604751024.763
1604751024.763
1604751024.764
1604751024.765
1604751024.766
1604751024.767
1604751024.768
1604751024.769
1604751024.769
1604751024.770
1604751024.771
1604751024.772
1604751024.773
1604751024.773
1604751024.774
1604751024.775
1604751024.776
1604751024.777
1604751024.778
1604751024.779
1604751024.780
1604751024.781
1604751024.781
1604751024.782
1604751024.783
1604751024.784
1604751024.784
1604751024.785
1604751024.786
1604751024.787
1604751024.787
1604751024.788
1604751024.789
1604751024.790
1604751024.791
1604751024.791
1604751024.792
1604751024.793
1604751024.796
1604751024.797
1604751024.798
1604751024.799
1604751024.800
1604751024.801
1604751024.802
1604751024.805
1604751024.806
1604751024.809
1604751024.810
1604751024.811
1604751024.812
1604751024.813
1604751024.814
1604751024.815
1604751024.816
1604751024.818
1604751024.819
1604751024.821
1604751024.924
1604751024.926
1604751024.927
1604751024.928
1604751024.929
1604751024.930
1604751024.931
1604751024.932
1604751024.933
1604751024.935
1604751024.936
1604751024.937
1604751024.937
1604751024.938
1604751024.939
1604751024.940
1604751024.941
1604751024.943
1604751024.944
1604751024.946
1604751024.947
1604751024.948
1604751024.949
1604751024.950
1604751024.951
1604751024.951
1604751024.952
1604751024.953
1604751024.954
1604751024.955
1604751024.956
1604751024.956
1604751024.957
1604751024.958
1604751024.960
1604751024.961
1604751024.962
1604751024.963
1604751024.964
1604751024.965
1604751024.965
1604751024.966
1604751024.967
1604751024.968
1604751024.969
1604751024.970
1604751024.971
1604751024.972
1604751024.973
1604751024.973
1604751024.974
1604751024.975
1604751024.978
1604751024.979
1604751024.983
1604751024.985
1604751024.986
1604751024.987
1604751024.988
1604751024.990
1604751024.991
1604751024.992
1604751024.993
1604751024.994
1604751024.997
1604751024.998
1604751024.999
1604751025.000
1604751025.000
1604751025.001
1604751025.002
1604751025.003
1604751025.004
1604751025.004
1604751025.005
1604751025.006
1604751025.007
1604751025.008
1604751025.009
1604751025.010
1604751025.011
1604751025.012
1604751025.014
1604751025.015
1604751025.016
1604751025.017
1604751025.018
1604751025.019
1604751025.020
1604751025.021
1604751025.022
1604751025.022
1604751025.023
1604751025.024
1604751025.025
1604751025.027
1604751025.028
1604751025.030
1604751025.031
1604751025.033
1604751025.034
1604751025.035
1604751025.036
1604751025.037
1604751025.038
1604751025.039
1604751025.040
1604751025.042
1604751025.043
1604751025.048
1604751025.049
1604751025.051
1604751025.051
1604751025.052
1604751025.053
1604751025.054
1604751025.055
1604751025.056
1604751025.057
1604751025.058
1604751025.059
1604751025.062
1604751025.065
1604751025.067
1604751025.068
1604751025.069
1604751025.070
1604751025.071
1604751025.072
1604751025.072
1604751025.073
1604751025.074
1604751025.075
1604751025.076
1604751025.077
1604751025.078
1604751025.080
1604751025.081
1604751025.082
1604751025.083
1604751025.192
1604751025.193
1604751025.194
1604751025.195
1604751025.197
1604751025.198
1604751025.427
1604751025.428
1604751025.429
1604751025.430
1604751025.431
1604751025.433
1604751025.434
1604751025.435
1604751025.436
1604751025.437
1604751025.438
1604751025.439
1604751025.440
1604751025.441
1604751025.442
1604751025.443
1604751025.444
1604751025.445
1604751025.446
1604751025.448
1604751025.449
1604751025.450
1604751025.451
1604751025.452
1604751025.453
1604751025.454
1604751025.455
1604751025.456
1604751025.458
1604751025.459
1604751025.460
1604751025.461
1604751025.462
1604751025.464
1604751025.465
1604751025.466
1604751025.823
1604751025.824
1604751025.825
1604751025.826
1604751025.828
1604751025.829
1604751025.830
1604751025.831
1604751025.832
1604751025.834
1604751025.835
1604751025.836
1604751025.837
1604751025.838
1604751025.839
1604751025.840
1604751025.842
1604751025.843
1604751025.844
1604751025.845
1604751025.846
1604751025.847
1604751025.848
1604751025.850
1604751025.851
1604751025.852
1604751025.853
1604751025.854
1604751025.855
1604751025.856
1604751025.857
1604751025.858
1604751025.859
1604751025.860
1604751025.862
1604751025.863
1604751025.864
1604751025.865
1604751025.866
1604751025.867
1604751025.868
1604751025.870
1604751025.871
1604751025.872
1604751025.873
1604751025.874
1604751025.875
1604751025.876
1604751025.877
1604751025.878
1604751025.879
1604751025.880
1604751025.881
1604751025.882
1604751025.883
1604751025.884
1604751025.885
1604751025.886
1604751025.888
1604751025.889
1604751025.890
1604751025.891
1604751025.892
1604751025.893
1604751025.894
1604751025.895
1604751025.896
1604751025.897
1604751025.898
1604751025.899
1604751025.901
1604751025.902
1604751025.903
1604751025.904
1604751025.905
1604751025.906
1604751025.907
1604751025.908
1604751025.909
1604751025.910
1604751026.107
1604751026.108
1604751026.109
1604751026.110
1604751026.111
1604751026.112
1604751026.113
1604751026.114
1604751026.115
1604751026.116
1604751026.118
1604751026.120
1604751026.121
1604751026.122
1604751026.123
1604751026.124
1604751026.126
1604751026.127
1604751026.128
1604751026.129
1604751026.130
1604751026.132
1604751026.133
1604751026.134
1604751026.135
1604751026.137
1604751026.138
1604751026.139
1604751026.140
1604751026.141
1604751026.142
1604751026.143
1604751026.144
1604751026.145
1604751026.146
1604751026.147
1604751026.148
1604751026.149
1604751026.150
1604751026.151
1604751026.153
1604751026.154
1604751026.155
1604751026.156
1604751026.156
1604751026.157
1604751026.159
1604751026.159
1604751026.160
1604751026.161
1604751026.162
1604751026.163
1604751026.164
1604751026.165
1604751026.166
1604751026.167
1604751026.169
1604751026.170
1604751026.171
1604751026.172
1604751026.173
1604751026.174
1604751026.175
1604751026.175
1604751026.176
1604751026.177
1604751026.179
1604751026.180
1604751026.181
1604751026.181
1604751026.182
1604751026.183
1604751026.185
1604751026.186
1604751026.187
1604751026.188
1604751026.189
1604751026.190
1604751026.191
1604751026.192
1604751026.193
1604751026.194
1604751026.195
1604751026.196
1604751026.197
1604751026.198
1604751026.199
1604751026.200
1604751026.201
1604751026.202
1604751026.203
1604751026.204
1604751026.205
1604751026.206
1604751026.207
1604751026.208
1604751026.209
1604751026.210
1604751026.211
1604751026.212
1604751026.213
1604751026.214
1604751026.215
1604751026.216
1604751026.217
1604751026.219
1604751026.220
1604751026.221
1604751026.222
1604751026.223
1604751026.224
1604751026.225
1604751026.226
1604751026.227
1604751026.228
1604751026.229
1604751026.230
1604751026.231
1604751026.232
1604751026.233
1604751026.234
1604751026.235
1604751026.236
1604751026.804
1604751026.805
1604751026.806
1604751026.808
1604751026.809
1604751026.810
1604751026.812
1604751026.813
1604751026.814
1604751026.815
1604751026.816
1604751026.818
1604751026.819
1604751026.820
1604751026.822
1604751026.823
1604751026.824
1604751026.825
1604751026.826
1604751026.828
1604751026.829
1604751026.831
1604751026.832
1604751026.833
1604751026.835
1604751026.836
1604751026.838
1604751026.839
1604751026.841
1604751026.842
1604751026.843
1604751026.845
1604751026.846
1604751026.848
1604751026.849
1604751026.851
1604751026.852
1604751026.854
1604751026.855
1604751026.856
1604751026.858
1604751026.859
1604751026.861
1604751026.862
1604751026.864
1604751026.865
1604751026.866
1604751026.868
1604751026.869
1604751026.871
1604751026.872
1604751026.874
1604751026.875
1604751026.876
1604751026.878
1604751026.880
1604751026.881
1604751026.882
1604751026.884
1604751026.885
1604751026.887
1604751026.888
1604751026.890
1604751026.891
1604751026.892
1604751026.894
1604751026.895
1604751026.897
1604751026.898
1604751026.900
1604751026.901
1604751026.903
1604751026.904
1604751026.905
1604751026.907
1604751026.908
1604751026.910
1604751026.911
1604751026.913
1604751026.914
1604751026.916
1604751026.917
1604751026.919
1604751026.920
1604751026.921
1604751026.923
1604751026.924
1604751026.926
1604751026.927
1604751026.929
1604751026.930
1604751026.931
1604751026.933
1604751026.934
1604751026.936
1604751026.937
1604751026.939
1604751026.940
1604751026.942
1604751026.943
1604751026.944
1604751026.946
1604751026.947
1604751026.949
1604751026.950
1604751026.952
1604751026.953
1604751026.955
1604751026.956
1604751026.958
1604751026.959
1604751026.961
1604751026.962
1604751026.963
1604751026.965
1604751026.966
1604751026.968
1604751026.969
1604751026.971
1604751026.972
1604751026.974
1604751026.975
1604751026.976
1604751026.978
1604751026.979
1604751026.981
1604751026.982
1604751026.984
1604751026.985
1604751026.987
1604751026.988
1604751026.989
1604751026.991
1604751026.992
1604751026.994
1604751026.996
1604751026.997
1604751026.999
1604751027.000
1604751027.001
1604751027.002
1604751027.004
1604751027.005
1604751027.006
1604751027.007
1604751027.009
1604751027.010
1604751027.011
1604751027.012
1604751027.014
1604751027.015
1604751027.016
1604751027.017
1604751027.019
1604751027.020
1604751027.021
1604751027.022
1604751027.023
1604751027.025
1604751027.026
1604751027.027
1604751027.029
1604751027.030
1604751027.031
1604751027.032
1604751027.033
1604751027.035
1604751027.036
1604751027.037
1604751027.039
1604751027.040
1604751027.041
1604751027.042
1604751027.043
1604751027.045
1604751027.046
1604751027.047
1604751027.048
1604751027.050
1604751027.051
1604751027.052
1604751027.053
1604751027.054
1604751027.056
1604751027.057
1604751027.058
1604751027.059
1604751027.061
1604751027.062
1604751027.063
1604751027.064
1604751027.065
1604751027.067
1604751027.068
1604751027.069
1604751027.071
1604751027.072
1604751027.073
1604751027.074
1604751027.076
1604751027.077
1604751027.078
1604751027.079
1604751027.081
1604751027.082
1604751027.083
1604751027.084
1604751027.085
1604751027.087
1604751027.088
1604751027.089
1604751027.090
1604751027.092
1604751027.094
1604751027.096
1604751027.098
1604751027.100
1604751027.101
1604751027.103
1604751027.104
1604751027.106
1604751027.108
1604751027.110
1604751027.112
1604751027.113
1604751027.115
1604751027.116
1604751027.117
1604751027.119
1604751027.120
1604751027.121
1604751027.122
1604751027.123
1604751027.125
1604751027.126
1604751027.127
1604751027.129
1604751027.130
1604751027.131
1604751027.132
1604751027.133
1604751027.135
1604751027.136
1604751027.137
1604751027.139
1604751027.140
1604751027.141
1604751027.142
1604751027.144
1604751027.145
1604751027.146
1604751027.147
1604751027.149
1604751027.150
1604751027.152
1604751027.153
1604751027.154
1604751027.156
1604751027.157
1604751027.159
1604751027.160
1604751027.162
1604751027.163
1604751027.165
1604751027.166
1604751027.167
1604751027.169
1604751027.170
1604751027.172
1604751027.173
1604751027.175
1604751027.176
1604751027.178
1604751027.179
1604751027.180
1604751027.182
1604751027.183
1604751027.185
1604751027.186
1604751027.188
1604751027.189
1604751027.190
1604751027.192
1604751027.193
1604751027.194
1604751027.196
1604751027.197
1604751027.199
1604751027.200
1604751027.202
1604751027.203
1604751027.204
1604751027.206
1604751027.207
1604751027.209
1604751027.210
1604751027.212
1604751027.213
1604751027.214
1604751027.216
1604751027.217
1604751027.219
1604751027.221
1604751027.222
1604751027.224
1604751027.225
1604751027.227
1604751027.228
1604751027.230
1604751027.231
1604751027.232
1604751027.234
1604751027.235
1604751027.236
1604751027.238
1604751027.239
1604751027.241
1604751027.242
1604751027.244
1604751027.245
1604751027.246
1604751027.248
1604751027.249
1604751027.250
1604751027.251
1604751027.252
1604751027.253
1604751027.255
1604751027.256
1604751027.257
1604751027.258
1604751027.259
1604751027.260
1604751027.262
1604751027.263
1604751027.264
1604751027.265
1604751027.266
1604751027.267
1604751027.269
1604751027.270
1604751027.271
1604751027.272
1604751027.273
1604751027.274
1604751027.275
1604751027.276
1604751027.278
1604751027.279
1604751027.281
1604751027.282
1604751027.284
1604751027.285
1604751027.287
1604751027.288
1604751027.290
1604751027.292
1604751027.293
1604751027.295
1604751027.297
1604751027.299
1604751027.301
1604751027.302
1604751027.304
1604751027.306
1604751027.308
1604751027.310
1604751027.311
1604751027.313
1604751027.315
1604751027.317
1604751027.319
1604751027.321
1604751027.322
1604751027.324
1604751027.326
1604751027.328
1604751027.329
1604751027.333
1604751027.335
1604751027.338
1604751027.341
1604751027.343
1604751027.347
1604751027.349
1604751027.350
1604751027.352
1604751027.354
1604751027.355
1604751027.357
1604751027.359
1604751027.360
1604751027.362
1604751027.363
1604751027.365
1604751027.366
1604751027.368
1604751027.369
1604751027.376
1604751027.377
1604751027.379
1604751027.380
1604751027.381
1604751027.382
1604751027.384
1604751027.385
1604751027.386
1604751027.387
1604751027.388
1604751027.390
1604751027.391
1604751027.392
1604751027.393
1604751027.394
1604751027.395
1604751027.396
1604751027.397
1604751027.398
1604751027.399
1604751027.400
1604751027.402
1604751027.404
1604751027.405
1604751027.406
1604751027.407
1604751027.408
1604751027.410
1604751027.411
1604751027.413
1604751027.414
1604751027.415
1604751027.416
1604751027.417
1604751027.418
1604751027.419
1604751027.420
1604751027.421
1604751027.422
1604751027.423
1604751027.424
1604751027.426
1604751027.427
1604751027.428
1604751027.429
1604751027.431
1604751027.432
1604751027.434
1604751027.435
1604751027.436
1604751027.437
1604751027.438
1604751027.439
1604751027.440
1604751027.441
1604751027.443
1604751027.444
1604751027.445
1604751027.446
1604751027.454
1604751027.455
1604751027.456
1604751027.457
1604751027.458
1604751027.460
1604751027.461
1604751027.462
1604751027.463
1604751027.464
1604751027.465
1604751027.466
1604751027.468
1604751027.469
1604751027.470
1604751027.471
1604751027.472
1604751027.473
1604751027.474
1604751027.475
1604751027.477
1604751027.478
1604751027.479
1604751027.481
1604751027.483
1604751027.484
1604751027.485
1604751027.486
1604751027.488
1604751027.489
1604751027.490
1604751027.491
1604751027.493
1604751027.494
1604751027.495
1604751027.496
1604751027.497
1604751027.498
1604751027.499
1604751027.500
1604751027.501
1604751027.502
1604751027.503
1604751027.504
1604751027.505
1604751027.507
1604751027.508
1604751027.509
1604751027.510
1604751027.511
1604751027.512
1604751027.513
1604751027.514
1604751027.515
1604751027.516
1604751027.517
1604751027.518
1604751027.519
1604751027.520
1604751027.952
1604751027.953
1604751027.954
1604751027.955
1604751027.957
1604751027.958
1604751027.959
1604751027.960
1604751027.961
1604751027.963
1604751027.964
1604751027.965
1604751027.966
1604751027.967
1604751027.968
1604751027.969
1604751027.971
1604751027.972
1604751027.973
1604751027.974
1604751027.975
1604751027.976
1604751027.978
1604751027.979
1604751027.981
1604751027.982
1604751027.983
1604751027.985
1604751027.986
1604751027.987
1604751027.989
1604751027.990
1604751027.991
1604751027.993
1604751027.994
1604751027.995
1604751027.997
1604751027.998
1604751028.000
1604751028.001
1604751028.002
1604751028.004
1604751028.005
1604751028.007
1604751028.008
1604751028.010
1604751028.012
1604751028.014
1604751028.020
1604751028.022
1604751028.024
1604751028.026
1604751028.028
1604751028.030
1604751028.032
1604751028.034
1604751028.036
1604751028.038
1604751028.040
1604751028.042
1604751028.044
1604751028.046
1604751028.048
1604751028.050
1604751028.052
1604751028.057
1604751028.068
1604751028.074
1604751028.077
1604751028.080
1604751028.082
1604751028.085
1604751028.087
1604751028.090
1604751028.093
1604751028.095
1604751028.098
1604751028.101
1604751028.103
1604751028.106
1604751028.109
1604751028.111
1604751028.114
1604751028.116
1604751028.119
1604751028.122
1604751028.125
1604751028.128
1604751028.131
1604751028.133
1604751028.136
1604751028.139
1604751028.142
1604751028.145
1604751028.148
1604751028.151
1604751028.154
1604751028.157
1604751028.160
1604751028.163
1604751028.167
1604751028.170
1604751028.173
1604751028.176
1604751028.181
1604751028.186
1604751028.192
1604751028.198
1604751028.202
1604751028.206
1604751028.209
1604751028.213
1604751028.216
1604751028.220
1604751028.223
1604751028.226
1604751028.229
1604751028.234
1604751028.239
1604751028.245
1604751028.249
1604751028.253
1604751028.259
1604751028.262
1604751028.265
1604751028.520
1604751028.521
1604751028.522
1604751028.523
1604751028.524
1604751028.525
1604751028.526
1604751028.528
1604751028.529
1604751028.530
1604751028.531
1604751028.533
1604751028.534
1604751028.535
1604751028.536
1604751028.537
1604751028.538
1604751028.540
1604751028.541
1604751028.542
1604751028.543
1604751028.544
1604751028.545
1604751028.546
1604751028.548
1604751028.549
1604751028.550
1604751028.551
1604751028.552
1604751028.553
1604751028.554
1604751028.555
1604751028.557
1604751028.558
1604751028.559
1604751028.560
1604751028.561
1604751028.563
1604751028.564
1604751028.565
1604751028.566
1604751028.567
1604751028.568
1604751028.569
1604751028.571
1604751028.572
1604751028.573
1604751028.574
1604751028.575
1604751028.576
1604751028.578
1604751028.579
1604751028.581
1604751028.582
1604751028.583
1604751028.584
1604751028.586
1604751028.587
1604751028.588
1604751028.589
1604751028.591
1604751028.592
1604751028.593
1604751028.594
1604751028.595
1604751028.597
1604751028.598
1604751028.600
1604751028.601
1604751028.602
1604751028.602
1604751028.866
1604751028.869
1604751028.870
1604751028.871
1604751028.873
1604751028.874
1604751028.876
1604751028.878
1604751028.879
1604751028.881
1604751028.883
1604751028.884
1604751028.885
1604751028.886
1604751028.887
1604751028.888
1604751028.889
1604751028.890
1604751028.891
1604751028.892
1604751028.893
1604751028.894
1604751028.894
1604751028.895
1604751028.897
1604751028.898
1604751028.899
1604751028.900
1604751028.901
1604751028.902
1604751028.903
1604751028.903
1604751028.904
1604751028.905
1604751028.906
1604751028.908
1604751028.909
1604751028.910
1604751028.911
1604751028.912
1604751028.913
1604751028.914
1604751028.915
1604751028.917
1604751028.918
1604751028.919
1604751028.920
1604751028.921
1604751028.922
1604751028.924
1604751028.925
1604751028.926
1604751029.910
1604751029.911
1604751029.913
1604751029.914
1604751029.915
1604751029.917
1604751029.918
1604751029.920
1604751029.921
1604751029.922
1604751029.924
1604751029.925
1604751029.927
1604751029.928
1604751029.930
1604751029.931
1604751029.932
1604751029.934
1604751029.935
1604751029.936
1604751029.937
1604751029.938
1604751029.939
1604751029.941
1604751029.942
1604751029.943
1604751029.944
1604751029.946
1604751029.947
1604751029.948
1604751029.950
1604751029.951
1604751029.953
1604751029.954
1604751029.956
1604751029.957
1604751029.958
1604751029.960
1604751029.961
1604751029.962
1604751029.963
1604751029.965
1604751029.966
1604751029.967
1604751029.969
1604751029.970
1604751029.971
1604751029.973
1604751029.974
1604751029.975
1604751029.977
1604751029.979
1604751029.980
1604751029.981
1604751029.982
1604751029.984
1604751029.985
1604751029.987
1604751029.988
1604751029.990
1604751029.991
1604751029.993
1604751029.994
1604751029.995
1604751029.996
1604751029.998
1604751030.000
1604751030.002
1604751030.003
1604751030.005
1604751030.006
1604751030.007
1604751030.008
1604751030.010
1604751030.012
1604751030.014
1604751030.016
1604751030.018
1604751030.019
1604751030.020
1604751030.022
1604751030.023
1604751030.024
1604751030.026
1604751030.027
1604751030.029
1604751030.030
1604751030.031
1604751030.033
1604751030.034
1604751030.036
1604751030.037
1604751030.038
1604751030.040
1604751030.042
1604751030.043
1604751030.044
1604751030.045
1604751030.047
1604751030.048
1604751030.050
1604751030.051
1604751030.052
1604751030.054
1604751030.055
1604751030.056
1604751030.057
1604751030.059
1604751030.061
1604751030.062
1604751030.065
1604751030.067
1604751030.068
1604751030.069
1604751030.070
1604751030.211
1604751030.213
1604751030.214
1604751030.215
1604751030.217
1604751030.218
1604751030.221
1604751030.222
1604751030.223
1604751030.224
1604751030.225
1604751030.226
1604751030.227
1604751030.228
1604751030.229
1604751030.230
1604751030.231
1604751030.232
1604751030.233
1604751030.234
1604751030.235
1604751030.236
1604751030.237
1604751030.238
1604751030.240
1604751030.242
1604751030.243
1604751030.244
1604751030.246
1604751030.247
1604751030.248
1604751030.250
1604751030.251
1604751030.252
1604751030.254
1604751030.255
1604751030.256
1604751030.257
1604751030.259
1604751030.261
1604751030.262
1604751030.264
1604751030.265
1604751030.267
1604751030.269
1604751030.271
1604751030.273
1604751030.275
1604751030.277
1604751030.279
1604751030.280
1604751030.282
1604751030.283
1604751030.285
1604751030.286
1604751030.288
1604751030.290
1604751030.291
1604751030.293
1604751030.294
1604751030.296
1604751030.297
1604751030.299
1604751030.301
1604751030.302
1604751030.446
1604751030.448
1604751030.449
1604751030.450
1604751030.452
1604751030.453
1604751030.454
1604751030.456
1604751030.457
1604751030.458
1604751030.460
1604751030.461
1604751030.462
1604751030.464
1604751030.465
1604751030.466
1604751030.468
1604751030.469
1604751030.471
1604751030.473
1604751030.475
1604751030.477
1604751030.479
1604751030.481
1604751030.483
1604751030.485
1604751030.487
1604751030.489
1604751030.491
1604751030.493
1604751030.495
1604751030.497
1604751030.500
1604751030.502
1604751030.504
1604751030.506
1604751030.507
1604751030.509
1604751030.511
1604751030.512
1604751030.514
1604751030.516
1604751030.518
1604751030.519
1604751030.521
1604751030.523
1604751030.526
1604751030.528
1604751030.530
1604751030.531
1604751030.533
1604751030.534
1604751030.535
1604751030.536
1604751030.537
1604751030.538
1604751030.539
1604751030.540
1604751030.541
1604751030.542
1604751030.545
1604751030.546
1604751030.548
1604751030.550
1604751030.552
1604751030.554
1604751030.704
1604751030.705
1604751030.706
1604751030.707
1604751030.708
1604751030.710
1604751030.712
1604751030.713
1604751030.714
1604751030.715
1604751030.716
1604751030.718
1604751030.719
1604751030.720
1604751030.721
1604751030.721
1604751030.722
1604751030.723
1604751030.724
1604751030.726
1604751030.727
1604751030.728
1604751030.729
1604751030.731
1604751030.732
1604751030.733
1604751030.734
1604751030.735
1604751030.736
1604751030.737
1604751030.738
1604751030.739
1604751030.740
1604751030.742
1604751030.743
1604751030.744
1604751030.746
1604751030.747
1604751030.748
1604751030.749
1604751030.751
1604751030.752
1604751030.754
1604751030.755
1604751030.757
1604751030.758
1604751030.760
1604751030.762
1604751030.763
1604751030.765
1604751030.766
1604751030.767
1604751030.768
1604751030.769
1604751030.771
1604751030.772
1604751030.774
1604751030.775
1604751030.776
1604751030.777
1604751030.779
1604751030.780
1604751030.782
1604751030.783
1604751030.784
1604751030.786
1604751030.787
1604751030.788
1604751030.790
1604751030.944
1604751031.083
1604751031.084
1604751031.086
1604751031.087
1604751031.089
1604751031.092
1604751031.094
1604751031.099
1604751031.101
1604751031.103
1604751031.105
1604751031.106
1604751031.108
1604751031.110
1604751031.112
1604751031.114
1604751031.117
1604751031.119
1604751031.121
1604751031.123
1604751031.125
1604751031.127
1604751031.129
1604751031.131
1604751031.133
1604751031.134
1604751031.136
1604751031.138
1604751031.141
1604751031.143
1604751031.145
1604751031.147
1604751031.149
1604751031.150
1604751031.152
1604751031.154
1604751031.155
1604751031.157
1604751031.159
1604751031.161
1604751031.163
1604751031.165
1604751031.167
1604751031.168
1604751031.170
1604751031.172
1604751031.174
1604751031.176
1604751031.178
1604751031.180
1604751031.183
1604751031.187
1604751031.190
1604751031.192
1604751031.195
1604751031.199
1604751031.203
1604751031.205
1604751031.209
1604751031.212
1604751031.215
1604751031.218
1604751031.221
1604751031.223
1604751031.226
1604751031.228
1604751031.231
1604751031.234
1604751031.236
1604751031.240
1604751031.243
1604751031.245
1604751031.248
1604751031.251
1604751031.253
1604751031.256
1604751031.259
1604751031.262
1604751031.265
1604751031.267
1604751031.270
1604751031.272
1604751031.275
1604751031.277
1604751031.279
1604751031.282
1604751031.284
1604751031.286
1604751031.289
1604751031.291
1604751031.294
1604751031.296
1604751031.300
1604751031.302
1604751031.304
1604751031.306
1604751031.309
1604751031.312
1604751031.314
1604751031.317
1604751031.320
1604751031.323
1604751031.326
1604751031.329
1604751032.100
1604751032.103
1604751032.106
1604751032.109
1604751032.112
1604751032.115
1604751032.119
1604751032.124
1604751032.128
1604751032.132
1604751032.137
1604751032.142
1604751032.146
1604751032.151
1604751032.155
1604751032.160
1604751032.163
1604751032.166
1604751032.169
1604751032.173
1604751032.180
1604751032.183
1604751032.186
1604751032.188
1604751032.191
1604751032.194
1604751032.198
1604751032.199
1604751032.201
1604751032.203
1604751032.205
1604751032.206
1604751032.208
1604751032.210
1604751032.211
1604751032.213
1604751032.215
1604751032.216
1604751032.218
1604751032.220
1604751032.222
1604751032.224
1604751032.226
1604751032.228
1604751032.230
1604751032.231
1604751032.233
1604751032.235
1604751032.237
1604751032.239
1604751032.241
1604751032.242
1604751032.244
1604751032.246
1604751032.247
1604751032.249
1604751032.252
1604751032.254
1604751032.256
1604751032.258
1604751032.260
1604751032.262
1604751032.264
1604751032.266
1604751032.268
1604751032.270
1604751032.272
1604751032.274
1604751032.277
1604751032.279
1604751032.281
1604751032.283
1604751032.286
1604751032.287
1604751032.289
1604751032.290
1604751032.292
1604751032.293
1604751032.294
1604751032.296
1604751032.297
1604751032.299
1604751032.300
1604751032.302
1604751032.303
1604751032.305
1604751032.306
1604751032.308
1604751032.309
1604751032.311
1604751032.312
1604751032.313
1604751032.315
1604751032.316
1604751032.318
1604751032.319
1604751032.321
1604751032.322
1604751032.324
1604751032.325
1604751032.327
1604751032.328
1604751032.330
1604751032.331
1604751032.333
1604751032.334
1604751032.336
1604751032.338
1604751032.339
1604751032.341
1604751032.342
1604751032.344
1604751032.345
1604751032.347
1604751032.348
1604751032.350
1604751032.351
1604751032.353
1604751032.355
1604751032.357
1604751032.358
1604751032.360
1604751032.362
1604751032.363
1604751032.365
1604751032.367
1604751032.369
1604751032.371
1604751032.372
1604751032.374
1604751032.375
1604751032.377
1604751032.379
1604751032.382
1604751032.383
1604751032.386
1604751032.389
1604751032.391
1604751032.393
1604751032.395
1604751032.397
1604751032.398
1604751032.400
1604751032.403
1604751032.406
1604751032.408
1604751032.411
1604751032.413
1604751032.416
1604751032.419
1604751032.422
1604751032.425
1604751032.427
1604751032.430
1604751032.433
1604751032.435
1604751032.438
1604751032.440
1604751032.442
1604751032.444
1604751032.446
1604751032.449
1604751032.451
1604751032.453
1604751032.455
1604751032.457
1604751032.459
1604751032.462
1604751032.464
1604751032.465
1604751032.467
1604751032.470
1604751032.472
1604751032.474
1604751032.476
1604751032.479
1604751032.482
1604751032.485
1604751032.488
1604751032.491
1604751032.493
1604751032.495
1604751032.497
1604751032.499
1604751032.501
1604751032.503
1604751032.505
1604751032.507
1604751032.509
1604751032.511
1604751032.513
1604751032.514
1604751032.516
1604751032.518
1604751032.520
1604751032.522
1604751032.525
1604751032.527
1604751032.529
1604751032.530
1604751032.531
1604751032.533
1604751032.534
1604751032.537
1604751032.539
1604751032.540
1604751032.542
1604751032.544
1604751032.545
1604751032.547
1604751032.549
1604751032.550
1604751032.551
1604751032.553
1604751032.554
1604751032.556
1604751032.557
1604751032.559
1604751032.560
1604751032.562
1604751032.563
1604751032.565
1604751032.566
1604751032.568
1604751032.569
1604751032.570
1604751032.572
1604751032.573
1604751032.575
1604751032.576
1604751032.578
1604751032.579
1604751032.581
1604751032.583
1604751032.585
1604751032.587
1604751032.589
1604751032.590
1604751032.592
1604751032.594
1604751032.595
1604751032.597
1604751032.599
1604751032.600
1604751032.602
1604751032.605
1604751032.607
1604751032.608
1604751032.610
1604751032.611
1604751032.613
1604751032.614
1604751032.615
1604751032.617
1604751032.619
1604751032.621
1604751032.623
1604751032.625
1604751032.627
1604751032.629
1604751032.631
1604751032.632
1604751032.634
1604751032.635
1604751032.638
1604751032.640
1604751032.642
1604751032.644
1604751032.646
1604751032.648
1604751032.650
1604751032.652
1604751032.655
1604751032.657
1604751032.660
1604751032.662
1604751032.664
1604751032.667
1604751032.669
1604751032.672
1604751032.674
1604751032.676
1604751032.679
1604751032.681
1604751032.683
1604751032.685
1604751032.688
1604751032.690
1604751032.693
1604751032.695
1604751032.697
1604751032.700
1604751032.702
1604751032.704
1604751032.707
1604751032.709
1604751032.711
1604751032.713
1604751032.715
1604751032.717
1604751032.720
1604751032.723
1604751032.725
1604751032.727
1604751032.729
1604751032.731
1604751032.735
1604751032.738
1604751032.740
1604751032.743
1604751032.745
1604751032.747
1604751032.751
1604751032.753
1604751032.756
1604751032.758
1604751032.761
1604751032.763
1604751032.765
1604751032.767
1604751032.769
1604751032.771
1604751032.773
1604751032.775
1604751032.778
1604751032.781
1604751032.783
1604751032.785
1604751032.787
1604751032.789
1604751032.791
1604751032.793
1604751032.796
1604751032.798
1604751032.801
1604751032.804
1604751032.808
1604751032.810
1604751032.813
1604751032.816
1604751032.819
1604751032.822
1604751032.825
1604751032.827
1604751032.830
1604751032.832
1604751032.835
1604751032.837
1604751032.840
1604751032.842
1604751032.845
1604751032.847
1604751032.850
1604751032.852
1604751032.854
1604751032.856
1604751032.858
1604751032.860
1604751032.862
1604751032.864
1604751032.866
1604751032.868
1604751032.870
1604751032.873
1604751032.875
1604751032.877
1604751032.879
1604751032.882
1604751032.884
1604751032.886
1604751032.889
1604751032.891
1604751032.893
1604751032.895
1604751032.898
1604751032.901
1604751032.904
1604751032.906
1604751032.910
1604751032.913
1604751032.915
1604751032.918
1604751032.921
1604751032.924
1604751032.927
1604751032.930
1604751032.933
1604751032.936
1604751032.940
1604751032.943
1604751032.946
1604751032.949
1604751032.952
1604751032.955
1604751032.958
1604751032.961
1604751032.964
1604751032.967
1604751032.970
1604751032.973
1604751032.976
1604751032.980
1604751032.983
1604751032.985
1604751032.988
1604751032.992
1604751032.995
1604751033.000
1604751033.004
1604751033.008
1604751033.011
1604751033.016
1604751033.020
1604751033.023
1604751033.026
1604751033.030
1604751033.033
1604751033.037
1604751033.040
1604751033.045
1604751033.050
1604751033.053
1604751033.056
1604751033.059
1604751033.062
1604751033.064
1604751033.067
1604751033.069
1604751033.072
1604751033.074
1604751033.077
1604751033.079
1604751033.082
1604751033.085
1604751033.089
1604751033.092
1604751033.093
1604751033.095
1604751033.096
1604751033.098
1604751033.099
1604751033.101
1604751033.102
1604751033.103
1604751033.105
1604751033.106
1604751033.107
1604751033.109
1604751033.110
1604751033.111
1604751033.113
1604751033.114
1604751033.115
1604751033.117
1604751033.118
1604751033.119
1604751033.121
1604751033.122
1604751033.124
1604751033.126
1604751033.127
1604751033.129
1604751033.130
1604751033.132
1604751033.133
1604751033.135
1604751033.136
1604751033.138
1604751033.140
1604751033.142
1604751033.143
1604751033.145
1604751033.147
1604751033.149
1604751033.150
1604751033.152
1604751033.154
1604751033.157
1604751033.159
1604751033.161
1604751033.163
1604751033.165
1604751033.166
1604751033.168
1604751033.170
1604751033.172
1604751033.174
1604751033.176
1604751033.178
1604751033.181
1604751033.183
1604751033.185
1604751033.187
1604751033.190
1604751033.192
1604751033.194
1604751033.195
1604751033.196
1604751033.198
1604751033.199
1604751033.200
1604751033.202
1604751033.203
1604751033.205
1604751033.206
1604751033.208
1604751033.209
1604751033.210
1604751033.212
1604751033.213
1604751033.214
1604751033.447
1604751033.449
1604751033.450
1604751033.452
1604751033.453
1604751033.455
1604751033.456
1604751033.458
1604751033.460
1604751033.462
1604751033.464
1604751033.465
1604751033.467
1604751033.469
1604751033.471
1604751033.472
1604751033.474
1604751033.476
1604751033.477
1604751033.479
1604751033.481
1604751033.482
1604751033.483
1604751033.485
1604751033.486
1604751033.489
1604751033.491
1604751033.492
1604751033.494
1604751033.495
1604751033.497
1604751033.499
1604751033.500
1604751033.502
1604751033.504
1604751033.506
1604751033.508
1604751033.510
1604751033.511
1604751033.513
1604751033.515
1604751033.518
1604751033.521
1604751033.523
1604751033.525
1604751033.528
1604751033.530
1604751033.533
1604751033.536
1604751033.539
1604751033.540
1604751033.541
1604751033.543
1604751033.544
1604751033.546
1604751033.547
1604751033.548
1604751033.549
1604751033.550
1604751033.551
1604751033.552
1604751033.553
1604751033.554
1604751033.555
1604751033.556
1604751033.557
1604751033.558
1604751033.560
1604751033.561
1604751033.562
1604751033.563
1604751033.565
1604751033.566
1604751033.566
1604751033.568
1604751033.569
1604751033.570
1604751033.570
1604751033.571
1604751033.572
1604751033.573
1604751033.574
1604751033.575
1604751033.577
1604751033.579
1604751033.580
1604751033.581
1604751033.581
1604751033.582
1604751033.583
1604751033.584
1604751033.585
1604751033.586
1604751033.587
1604751033.588
1604751033.589
1604751033.590
1604751033.591
1604751033.592
1604751033.592
1604751033.593
1604751033.710
1604751033.711
1604751033.712
1604751033.714
1604751033.715
1604751033.716
1604751033.717
1604751033.718
1604751033.720
1604751033.721
1604751033.722
1604751033.723
1604751033.724
1604751033.725
1604751033.726
1604751033.728
1604751033.729
1604751033.730
1604751033.731
1604751033.732
1604751033.733
1604751033.734
1604751033.735
1604751033.737
1604751033.739
1604751033.741
1604751033.743
1604751033.745
1604751033.746
1604751033.747
1604751033.749
1604751033.750
1604751033.751
1604751033.752
1604751033.753
1604751033.754
1604751033.755
1604751033.756
1604751033.758
1604751033.759
1604751033.760
1604751033.761
1604751033.762
1604751033.763
1604751033.763
1604751033.764
1604751033.765
1604751033.766
1604751033.767
1604751033.768
1604751033.769
1604751033.770
1604751033.771
1604751033.772
1604751033.773
1604751033.774
1604751033.775
1604751033.776
1604751033.777
1604751033.778
1604751033.779
1604751033.780
1604751033.781
1604751033.782
1604751033.783
1604751033.785
1604751033.786
1604751033.787
1604751033.788
1604751033.790
1604751033.791
1604751033.792
1604751033.794
1604751033.795
1604751033.796
1604751033.797
1604751033.799
1604751033.800
1604751033.802
1604751033.803
1604751033.805
1604751033.806
1604751033.807
1604751033.809
1604751033.810
1604751033.812
1604751033.813
1604751033.814
1604751033.816
1604751033.817
1604751033.819
1604751033.821
1604751033.822
1604751033.823
1604751033.825
1604751033.827
1604751033.828
1604751033.830
1604751033.832
1604751033.834
1604751033.836
1604751033.838
1604751033.840
1604751033.842
1604751033.844
1604751033.846
1604751033.848
1604751033.850
1604751033.852
1604751033.854
1604751033.856
1604751033.858
1604751033.860
1604751033.862
1604751033.864
1604751033.867
1604751033.869
1604751033.871
1604751033.873
1604751033.875
1604751033.877
1604751033.880
1604751033.883
1604751033.885
1604751033.888
1604751033.890
1604751033.893
1604751033.895
1604751033.898
1604751033.901
1604751033.903
1604751033.906
1604751033.909
1604751033.911
1604751033.914
1604751033.917
1604751033.920
1604751033.923
1604751033.926
1604751033.929
1604751033.931
1604751033.934
1604751033.937
1604751033.940
1604751033.943
1604751033.946
1604751033.950
1604751035.550
1604751035.552
1604751035.553
1604751035.555
1604751035.556
1604751035.558
1604751035.559
1604751035.560
1604751035.561
1604751035.562
1604751035.564
1604751035.565
1604751035.566
1604751035.567
1604751035.568
1604751035.569
1604751035.571
1604751035.572
1604751035.573
1604751035.574
1604751035.575
1604751035.576
1604751035.577
1604751035.579
1604751035.580
1604751035.582
1604751035.584
1604751035.585
1604751035.588
1604751035.590
1604751035.591
1604751035.592
1604751035.594
1604751035.595
1604751035.596
1604751035.597
1604751035.598
1604751035.600
1604751035.601
1604751035.602
1604751035.603
1604751035.604
1604751035.605
1604751035.606
1604751035.608
1604751035.609
1604751035.610
1604751035.611
1604751035.612
1604751035.614
1604751035.615
1604751035.616
1604751035.617
1604751035.618
1604751035.620
1604751035.621
1604751035.624
1604751035.626
1604751035.628
1604751035.630
1604751035.631
1604751035.633
1604751035.635
1604751035.636
1604751035.638
1604751035.640
1604751035.642
1604751035.644
1604751035.646
1604751035.647
1604751035.649
1604751035.651
1604751035.653
1604751035.655
1604751035.657
1604751035.659
1604751035.661
1604751035.662
1604751035.664
1604751035.666
1604751035.668
1604751035.670
1604751035.672
1604751035.674
1604751035.676
1604751035.678
1604751035.680
1604751035.683
1604751035.685
1604751035.687
1604751035.690
1604751035.693
1604751035.695
1604751035.698
1604751035.700
1604751035.703
1604751035.705
1604751035.708
1604751035.710
1604751035.713
1604751035.715
1604751035.718
1604751035.721
1604751035.724
1604751035.727
1604751035.729
1604751035.731
1604751035.733
1604751035.735
1604751035.737
1604751035.740
1604751035.744
1604751035.748
1604751035.750
1604751035.752
1604751035.756
1604751035.759
1604751035.760
1604751035.763
1604751035.764
1604751035.766
1604751035.767
1604751035.768
1604751035.769
1604751035.778
1604751035.779
1604751035.781
1604751035.783
1604751035.784
1604751035.786
1604751035.787
1604751035.789
1604751035.790
1604751035.792
1604751035.793
1604751035.794
1604751035.795
1604751035.799
1604751035.801
1604751035.803
1604751035.805
1604751035.807
1604751035.808
1604751035.810
1604751035.811
1604751035.812
1604751035.813
1604751035.814
1604751035.815
1604751035.816
1604751035.818
1604751035.820
1604751035.822
1604751035.824
1604751035.826
1604751035.828
1604751035.830
1604751035.832
1604751035.834
1604751035.836
1604751035.838
1604751035.841
1604751035.844
1604751035.846
1604751035.850
1604751035.853
1604751035.856
1604751035.858
1604751035.860
1604751035.862
1604751035.864
1604751035.865
1604751035.867
1604751035.869
1604751035.870
1604751035.872
1604751035.874
1604751035.875
1604751035.877
1604751035.879
1604751035.880
1604751035.882
1604751035.884
1604751035.886
1604751035.887
1604751035.889
1604751035.891
1604751035.893
1604751035.895
1604751035.897
1604751035.899
1604751035.902
1604751035.904
1604751035.906
1604751035.908
1604751035.910
1604751035.912
1604751035.915
1604751035.917
1604751035.919
1604751035.921
1604751035.923
1604751035.926
1604751035.928
1604751035.930
1604751035.932
1604751035.934
1604751035.936
1604751035.939
1604751035.941
1604751035.944
1604751035.947
1604751035.949
1604751035.952
1604751035.955
1604751035.957
1604751035.960
1604751035.964
1604751035.966
1604751035.969
1604751035.972
1604751035.975
1604751035.978
1604751035.981
1604751035.983
1604751035.986
1604751035.989
1604751035.992
1604751035.995
1604751036.000
1604751036.004
1604751036.006
1604751036.008
1604751036.010
1604751036.012
1604751036.014
1604751036.016
1604751036.018
1604751036.020
1604751036.022
1604751036.024
1604751036.025
1604751036.027
1604751036.030
1604751036.032
1604751036.034
1604751036.036
1604751036.038
1604751036.040
1604751036.042
1604751036.043
1604751036.045
1604751036.047
1604751036.049
1604751036.051
1604751036.054
1604751036.056
1604751036.058
1604751036.061
1604751036.063
1604751036.065
1604751036.068
1604751036.070
1604751036.073
1604751036.075
1604751036.077
1604751036.080
1604751036.082
1604751036.085
1604751036.087
1604751036.090
1604751036.092
1604751036.095
1604751036.097
1604751036.102
1604751036.108
1604751036.113
1604751036.116
1604751036.122
1604751036.128
1604751036.133
1604751036.138
1604751036.143
1604751036.146
1604751036.150
1604751036.153
1604751036.157
1604751036.160
1604751036.162
1604751036.164
1604751036.166
1604751036.169
1604751036.171
1604751036.173
1604751036.175
1604751036.177
1604751036.179
1604751036.182
1604751036.184
1604751036.185
1604751036.187
1604751036.189
1604751036.191
1604751036.193
1604751036.195
1604751036.198
1604751036.201
1604751036.203
1604751036.205
1604751036.207
1604751036.210
1604751036.212
1604751036.214
1604751036.216
1604751036.219
1604751036.222
1604751036.224
1604751036.227
1604751036.229
1604751036.231
1604751036.234
1604751036.237
1604751036.239
1604751036.242
1604751036.244
1604751036.246
1604751036.249
1604751036.251
1604751036.253
1604751036.256
1604751036.258
1604751036.261
1604751036.263
1604751036.265
1604751036.267
1604751036.269
1604751036.271
1604751036.273
1604751036.275
1604751036.277
1604751036.280
1604751036.282
1604751036.284
1604751036.286
1604751036.288
1604751036.290
1604751036.292
1604751036.294
1604751036.297
1604751036.299
1604751036.301
1604751036.304
1604751036.306
1604751036.308
1604751036.310
1604751036.312
1604751036.315
1604751036.317
1604751036.320
1604751036.322
1604751036.324
1604751036.327
1604751036.329
1604751036.332
1604751036.334
1604751036.336
1604751036.339
1604751036.342
1604751036.344
1604751036.347
1604751036.349
1604751036.352
1604751036.354
1604751036.357
1604751036.359
1604751036.362
1604751036.364
1604751036.366
1604751036.369
1604751036.371
1604751036.374
1604751036.376
1604751036.379
1604751036.382
1604751036.384
1604751036.386
1604751036.389
1604751036.392
1604751036.394
1604751036.396
1604751036.399
1604751036.402
1604751036.404
1604751036.406
1604751036.409
1604751036.411
1604751036.414
1604751036.416
1604751036.419
1604751036.422
1604751036.424
1604751036.426
1604751036.430
1604751036.433
1604751036.435
1604751036.438
1604751036.441
1604751036.443
1604751036.445
1604751036.448
1604751036.450
1604751036.453
1604751036.455
1604751036.457
1604751036.460
1604751036.463
1604751036.465
1604751036.468
1604751036.470
1604751036.473
1604751036.475
1604751036.478
1604751036.481
1604751036.483
1604751036.486
1604751036.489
1604751036.491
1604751036.494
1604751036.496
1604751036.500
1604751036.502
1604751036.505
1604751036.508
1604751036.511
1604751036.513
1604751036.516
1604751036.519
1604751036.522
1604751036.525
1604751036.528
1604751036.531
1604751036.533
1604751036.536
1604751036.539
1604751036.543
1604751036.546
1604751036.549
1604751036.552
1604751036.555
1604751036.558
1604751036.563
1604751036.569
1604751036.575
1604751036.579
1604751036.583
1604751036.586
1604751036.594
1604751036.601
1604751036.607
1604751036.610
1604751036.613
1604751036.616
1604751036.619
1604751036.623
1604751036.625
1604751036.643
1604751036.647
1604751036.651
1604751036.656
1604751036.661
1604751036.664
1604751036.667
1604751036.670
1604751036.673
1604751036.675
1604751036.678
1604751036.681
1604751036.684
1604751036.688
1604751036.690
1604751036.691
1604751036.693
1604751036.700
1604751036.701
1604751036.703
1604751036.705
1604751036.706
1604751036.708
1604751036.710
1604751036.711
1604751036.713
1604751036.721
1604751036.726
1604751036.727
1604751036.729
1604751036.730
1604751036.732
1604751036.733
1604751036.735
1604751036.736
1604751036.739
1604751036.740
1604751036.742
1604751036.744
1604751036.746
1604751036.747
1604751036.749
1604751036.751
1604751036.753
1604751036.754
1604751036.756
1604751036.759
1604751036.761
1604751036.763
1604751036.764
1604751036.766
1604751036.768
1604751036.770
1604751036.772
1604751036.773
1604751036.775
1604751036.777
1604751036.779
1604751036.781
1604751036.783
1604751036.784
1604751036.786
1604751036.788
1604751036.790
1604751036.792
1604751036.794
1604751036.796
1604751036.799
1604751036.801
1604751036.803
1604751036.805
1604751036.807
1604751036.810
1604751036.812
1604751036.814
1604751036.816
1604751036.818
1604751036.821
1604751036.823
1604751036.825
1604751036.826
1604751036.829
1604751036.831
1604751036.833
1604751036.835
1604751037.149
1604751037.151
1604751037.154
1604751037.156
1604751037.159
1604751037.161
1604751037.164
1604751037.166
1604751037.168
1604751037.171
1604751037.173
1604751037.176
1604751037.178
1604751037.181
1604751037.183
1604751037.185
1604751037.188
1604751037.191
1604751037.193
1604751037.195
1604751037.198
1604751037.202
1604751037.205
1604751037.208
1604751037.210
1604751037.213
1604751037.216
1604751037.218
1604751037.221
1604751037.224
1604751037.226
1604751037.229
1604751037.232
1604751037.234
1604751037.237
1604751037.240
1604751037.243
1604751037.246
1604751037.249
1604751037.251
1604751037.254
1604751037.257
1604751037.260
1604751037.263
1604751037.266
1604751037.269
1604751037.272
1604751037.275
1604751037.278
1604751037.281
1604751037.284
1604751037.287
1604751037.291
1604751037.293
1604751037.296
1604751037.302
1604751037.307
1604751037.611
1604751037.614
1604751037.616
1604751037.619
1604751037.622
1604751037.625
1604751037.628
1604751037.631
1604751037.633
1604751037.636
1604751037.639
1604751037.642
1604751037.645
1604751037.648
1604751037.651
1604751037.654
1604751037.656
1604751037.661
1604751037.666
1604751037.671
1604751037.676
1604751037.682
1604751037.689
1604751037.694
1604751037.699
1604751037.702
1604751037.706
1604751037.710
1604751037.715
1604751037.721
1604751037.725
1604751037.730
1604751037.734
1604751037.740
1604751037.744
1604751037.750
1604751037.753
1604751037.756
1604751037.759
1604751037.762
1604751037.765
1604751037.767
1604751037.769
1604751037.771
1604751037.774
1604751037.776
1604751037.779
1604751037.782
1604751037.784
1604751037.787
1604751037.788
1604751037.790
1604751037.791
1604751037.792
1604751037.793
1604751037.795
1604751037.796
1604751037.797
1604751037.799
1604751037.800
1604751037.801
1604751037.802
1604751037.803
1604751037.805
1604751037.806
1604751037.807
1604751037.808
1604751037.810
1604751037.811
1604751037.812
1604751037.814
1604751037.815
1604751037.816
1604751037.817
1604751037.819
1604751037.820
1604751037.821
1604751037.822
1604751037.823
1604751037.825
1604751037.826
1604751037.828
1604751037.830
1604751037.832
1604751037.833
1604751037.835
1604751037.837
1604751037.839
1604751037.841
1604751037.843
1604751037.845
1604751037.847
1604751037.849
1604751037.851
1604751037.852
1604751037.854
1604751037.856
1604751037.858
1604751037.860
1604751037.862
1604751037.864
1604751037.866
1604751037.868
1604751037.870
1604751037.872
1604751037.874
1604751037.876
1604751037.878
1604751037.880
1604751037.882
1604751037.884
1604751037.886
1604751037.888
1604751037.890
1604751038.355
1604751038.357
1604751038.359
1604751038.361
1604751038.362
1604751038.364
1604751038.365
1604751038.367
1604751038.369
1604751038.370
1604751038.372
1604751038.374
1604751038.714
1604751038.716
1604751038.717
1604751038.718
1604751038.719
1604751038.720
1604751038.721
1604751038.723
1604751038.724
1604751038.726
1604751038.727
1604751038.728
1604751038.729
1604751038.730
1604751038.731
1604751038.733
1604751038.734
1604751038.735
1604751038.736
1604751038.737
1604751038.739
1604751038.740
1604751038.742
1604751038.743
1604751038.745
1604751038.746
1604751038.748
1604751038.749
1604751038.751
1604751038.753
1604751038.754
1604751038.757
1604751038.760
1604751038.764
1604751038.767
1604751038.771
1604751038.774
1604751038.777
1604751038.780
1604751038.782
1604751038.784
1604751038.785
1604751038.787
1604751038.789
1604751038.790
1604751038.792
1604751038.794
1604751038.796
1604751038.798
1604751038.800
1604751038.801
1604751038.803
1604751038.805
1604751038.806
1604751038.808
1604751038.810
1604751038.812
1604751038.814
1604751038.816
1604751038.819
1604751038.821
1604751038.823
1604751038.824
1604751038.826
1604751038.828
1604751038.831
1604751038.833
1604751038.834
1604751038.836
1604751038.838
1604751038.839
1604751038.840
1604751038.841
1604751038.842
1604751038.843
1604751038.844
1604751038.845
1604751038.847
1604751038.848
1604751038.849
1604751038.850
1604751038.852
1604751038.853
1604751038.854
1604751038.856
1604751038.857
1604751038.858
1604751038.860
1604751038.861
1604751038.862
1604751038.863
1604751038.864
1604751038.866
1604751038.867
1604751038.868
1604751038.869
1604751038.870
1604751038.872
1604751038.873
1604751038.874
1604751038.875
1604751038.876
1604751038.878
1604751038.879
1604751038.880
1604751038.881
1604751038.882
1604751038.883
1604751038.885
1604751038.886
1604751038.887
1604751038.888
1604751038.889
1604751038.890
1604751038.891
1604751038.893
1604751038.894
1604751038.895
1604751038.896
1604751038.897
1604751038.899
1604751038.900
1604751038.901
1604751038.903
1604751038.904
1604751038.905
1604751038.907
1604751038.908
1604751038.910
1604751038.911
1604751038.912
1604751038.913
1604751038.914
1604751038.915
1604751038.916
1604751038.917
1604751038.918
1604751038.919
1604751038.920
1604751038.921
1604751038.922
1604751038.923
1604751038.924
1604751038.924
1604751038.925
1604751038.926
1604751038.927
1604751038.928
1604751038.929
1604751038.930
1604751038.931
1604751038.932
1604751038.933
1604751038.934
1604751038.935
1604751038.936
1604751038.937
1604751038.938
1604751038.939
1604751038.940
1604751038.941
1604751038.941
1604751038.942
1604751038.943
1604751038.944
1604751038.945
1604751038.946
1604751038.947
1604751038.948
1604751038.949
1604751038.950
1604751038.951
1604751038.952
1604751038.954
1604751038.955
1604751038.956
1604751038.958
1604751038.959
1604751038.960
1604751038.961
1604751038.962
1604751038.963
1604751038.965
1604751038.966
1604751038.967
1604751038.968
1604751038.969
1604751038.970
1604751038.972
1604751038.973
1604751038.974
1604751038.975
1604751038.976
1604751038.977
1604751038.979
1604751038.981
1604751038.982
1604751038.984
1604751038.986
1604751038.987
1604751038.989
1604751038.991
1604751038.993
1604751038.994
1604751038.996
1604751038.998
1604751039.000
1604751039.002
1604751039.003
1604751039.005
1604751039.007
1604751039.009
1604751039.011
1604751039.012
1604751039.014
1604751039.016
1604751039.018
1604751039.020
1604751039.022
1604751039.024
1604751039.025
1604751039.027
1604751039.029
1604751039.031
1604751039.033
1604751039.035
1604751039.037
1604751039.039
1604751039.041
1604751039.043
1604751039.045
1604751039.047
1604751039.050
1604751039.052
1604751039.059
1604751039.062
1604751039.064
1604751039.067
1604751039.070
1604751039.073
1604751039.075
1604751039.076
1604751039.079
1604751039.080
1604751039.082
1604751039.084
1604751039.086
1604751039.088
1604751039.090
1604751039.093
1604751039.095
1604751039.096
1604751039.098
1604751039.099
1604751039.101
1604751039.102
1604751039.104
1604751039.106
1604751039.107
1604751039.109
1604751039.110
1604751039.112
1604751039.113
1604751039.115
1604751039.117
1604751039.118
1604751039.120
1604751039.122
1604751039.124
1604751039.126
1604751039.128
1604751039.130
1604751039.132
1604751039.804
1604751039.805
1604751039.806
1604751039.808
1604751039.809
1604751039.810
1604751039.811
1604751039.813
1604751039.814
1604751039.815
1604751039.816
1604751039.817
1604751039.818
1604751039.819
1604751039.820
1604751039.821
1604751039.822
1604751039.822
1604751039.824
1604751039.826
1604751039.827
1604751039.829
1604751039.830
1604751039.831
1604751039.832
1604751039.834
1604751039.835
1604751039.836
1604751039.837
1604751039.838
1604751039.840
1604751039.841
1604751039.842
1604751039.843
1604751039.844
1604751039.845
1604751039.846
1604751039.847
1604751039.848
1604751039.849
1604751039.850
1604751039.851
1604751039.852
1604751039.853
1604751039.854
1604751039.855
1604751039.856
1604751039.857
1604751039.858
1604751039.861
1604751039.862
1604751039.862
1604751039.863
1604751039.864
1604751039.865
1604751039.865
1604751039.866
1604751040.053
1604751040.054
1604751040.054
1604751040.055
1604751040.056
1604751040.057
1604751040.058
1604751040.058
1604751040.059
1604751040.060
1604751040.061
1604751040.062
1604751040.063
1604751040.064
1604751040.065
1604751040.066
1604751040.067
1604751040.067
1604751040.068
1604751040.069
1604751040.070
1604751040.071
1604751040.071
1604751040.072
1604751040.073
1604751040.074
1604751040.075
1604751040.076
1604751040.077
1604751040.078
1604751040.079
1604751040.080
1604751040.080
1604751040.081
1604751040.082
1604751040.083
1604751040.083
1604751040.084
1604751040.085
1604751040.086
1604751040.086
1604751040.087
1604751040.088
1604751040.089
1604751040.089
1604751040.090
1604751040.091
1604751040.091
1604751040.092
1604751040.094
1604751040.095
1604751040.096
1604751040.096
1604751040.097
1604751040.098
1604751040.099
1604751040.100
1604751040.100
1604751040.101
1604751040.102
1604751040.882
1604751040.883
1604751040.884
1604751040.885
1604751040.886
1604751040.888
1604751040.889
1604751040.890
1604751040.891
1604751040.892
1604751040.893
1604751040.894
1604751040.896
1604751040.897
1604751040.898
1604751040.900
1604751040.902
1604751040.903
1604751040.905
1604751040.906
1604751040.908
1604751040.909
1604751040.911
1604751040.913
1604751040.914
1604751040.916
1604751040.918
1604751040.919
1604751040.921
1604751040.922
1604751040.924
1604751040.925
1604751040.927
1604751040.929
1604751040.930
1604751040.932
1604751040.933
1604751040.934
1604751040.936
1604751040.937
1604751040.939
1604751040.940
1604751040.942
1604751040.943
1604751040.944
1604751040.945
1604751040.946
1604751040.947
1604751040.948
1604751040.949
1604751040.951
1604751040.952
1604751040.953
1604751040.954
1604751040.955
1604751040.956
1604751040.957
1604751040.958
1604751040.960
1604751040.961
1604751040.962
1604751040.963
1604751040.964
1604751040.966
1604751040.967
1604751040.968
1604751040.969
1604751040.971
1604751040.972
1604751040.973
1604751040.974
1604751040.975
1604751040.977
1604751040.978
1604751040.980
1604751040.981
1604751040.983
1604751040.984
1604751040.985
1604751040.987
1604751040.988
1604751040.989
1604751040.991
1604751040.993
1604751040.995
1604751040.997
1604751040.998
1604751041.000
1604751041.002
1604751041.003
1604751041.320
1604751041.322
1604751041.323
1604751041.325
1604751041.327
1604751041.330
1604751041.331
1604751041.337
1604751041.340
1604751041.341
1604751041.343
1604751041.344
1604751041.344
1604751041.345
1604751041.348
1604751041.349
1604751041.350
1604751041.352
1604751041.353
1604751041.354
1604751041.355
1604751041.356
1604751041.357
1604751041.358
1604751041.359
1604751041.360
1604751041.361
1604751041.362
1604751041.363
1604751041.365
1604751041.366
1604751041.367
1604751041.368
1604751041.369
1604751041.370
1604751041.371
1604751041.372
1604751041.373
1604751041.374
1604751041.376
1604751041.377
1604751041.378
1604751041.379
1604751041.380
1604751041.381
1604751041.382
1604751041.383
1604751041.384
1604751041.385
1604751041.386
1604751041.387
1604751041.388
1604751041.390
1604751041.391
1604751041.392
1604751041.394
1604751041.395
1604751041.396
1604751041.397
1604751041.398
1604751041.399
1604751041.401
1604751041.402
1604751041.403
1604751041.404
1604751041.405
1604751041.406
1604751041.408
1604751041.409
1604751041.410
1604751041.411
1604751041.413
1604751041.414
1604751041.415
1604751041.416
1604751041.417
1604751041.418
1604751041.420
1604751041.421
1604751041.422
1604751041.423
1604751041.424
1604751041.426
1604751041.427
1604751041.428
1604751041.429
1604751041.430
1604751041.432
1604751041.433
1604751041.434
1604751041.436
1604751041.437
1604751041.438
1604751041.721
1604751041.722
1604751041.724
1604751041.725
1604751041.726
1604751041.728
1604751041.729
1604751041.731
1604751041.732
1604751041.734
1604751041.735
1604751041.736
1604751041.737
1604751041.738
1604751041.740
1604751041.741
1604751041.742
1604751041.744
1604751041.745
1604751041.746
1604751041.747
1604751041.749
1604751041.750
1604751041.751
1604751041.752
1604751041.754
1604751041.755
1604751041.756
1604751041.757
1604751041.759
1604751041.760
1604751041.761
1604751041.762
1604751041.763
1604751041.765
1604751041.766
1604751041.767
1604751041.768
1604751041.769
1604751041.770
1604751041.772
1604751041.773
1604751041.774
1604751041.775
1604751041.776
1604751041.777
1604751041.779
1604751041.917
1604751041.918
1604751041.919
1604751041.920
1604751041.922
1604751041.923
1604751041.924
1604751041.926
1604751041.927
1604751041.928
1604751041.930
1604751041.931
1604751041.933
1604751041.934
1604751041.935
1604751041.937
1604751041.938
1604751041.940
1604751041.941
1604751041.943
1604751041.944
1604751041.945
1604751041.947
1604751041.948
1604751041.949
1604751041.951
1604751041.952
1604751041.953
1604751041.955
1604751041.957
1604751041.958
1604751041.959
1604751041.960
1604751041.962
1604751041.963
1604751041.964
1604751041.965
1604751041.966
1604751041.969
1604751041.971
1604751041.972
1604751041.973
1604751041.974
1604751041.975
1604751041.976
1604751041.977
1604751041.978
1604751041.979
1604751041.980
1604751041.981
1604751041.982
1604751041.983
1604751041.985
1604751041.986
1604751041.987
1604751041.988
1604751041.989
1604751041.990
1604751041.992
1604751041.993
1604751041.995
1604751041.997
1604751041.998
1604751041.999
1604751042.000
1604751042.001
1604751042.002
1604751042.003
1604751042.004
1604751042.005
1604751042.006
1604751042.007
1604751042.008
1604751042.009
1604751042.010
1604751042.011
1604751042.012
1604751042.013
1604751042.013
1604751042.014
1604751042.015
1604751042.016
1604751042.017
1604751042.019
1604751042.020